,pso001,pso002,pso003,pso004,pso005,pga001,pga002,pga003,pga004,pga005,pga023,pga024,pga025,pga026,pga027,pga028,pga029,psa001,psa002,psa003,psa004,psa005,psa006,psa007,psa008,psa009,psa010,psa011,psa012,pmd001,pmd002,pmd003,pmd004,pmd005,pmd006,pmd007,pmd008,pmd009,pmd010,pmd011,pmd012,pmd013,pmd014,pmd015,pmd016,pmd017,pmd018,pmd019,pmd020,pmd021,pmd022,pmd035,psz001,psz002,psz009,psz010,psz011,psz012,psz013,psz014,pad001,pad002,pad004,pad005,pad006,pad007,pad008,pad009,pad010,pad011,pad022,pad023,pad024,pad025,pad027,pad028,pad029,pad031,pad032,pad033,pad044,pcd001,pcd002,pcd003,pcd004,pcd007,pcd008,pcd009,pcd012,pcd013,pcd014,pcd015,pcd019,pcd020,pcd021,pcd022,pcd023,pcd025,pcd027,pcd028,pcd029,pcd039,pod001,pod002,pod003,pod004,pod005,pod006,pod007,pod008,pod009,pod010,pod011,pod012,pal001,pmj001,psu001,psu002,psu003,psu004,psu005,psu006,psu007,psu008,psu009,psu010,psu011,pni001,pni002
pso001,,0.8850086985740047,9.96441614367219e-06,0.007462147519006144,2.0037301444849844e-05,4.882236866898771e-06,0.027086096965759577,0.024219051585873355,0.02278661046553716,0.011927054409112655,0.11246742222212178,0.09081092220831759,0.8610699420173697,0.8446070872885988,0.3646761234297631,0.9464835039499256,0.9644833309381362,0.0047188672600396485,1.6101181000778244e-06,0.6818128230621037,0.8283834419927933,0.12095131012955833,0.3449617024319144,6.790491615844192e-05,0.021888994223451516,0.027603754634447565,0.06675943375967928,0.9971981820512748,0.24437698154040352,0.5731908936577326,0.09488390986719256,1.0,0.08112437308983064,0.6946201132088092,0.14250495828570803,0.5731839005585277,0.09080460836672018,0.9331658495659059,0.98279268031981,0.2571096182814705,0.4412875809697333,0.7916713131555573,0.02942921745210273,0.000315552807369471,0.00022996676818804078,0.0003374732471549405,0.9204001341371093,6.949273004800636e-05,3.5989001683794614e-05,6.854561530284463e-05,3.6990068891020536e-05,0.032484994627537706,0.0003081218436907716,0.00024164746325786406,0.00032453454296132295,0.00026192150368676084,0.0002883337764893432,0.00026583208491320166,0.06101107947403388,0.0003192216832100271,0.0003367320990314784,0.000265305598188575,0.26195664871164837,0.028681503730832808,0.000277316801093749,0.0001401014647652069,0.0004290311651171517,6.949273004800636e-05,0.0003012927126184387,0.0003302360067234495,0.9913079688559356,0.15433936206545978,0.018967460991514105,0.0003287041052428005,0.026534553697500372,0.027526426325198642,0.00010605331486359148,0.02452000913728037,0.02976724671951262,0.02897197175320768,0.0003218042447857721,0.635467697374158,0.44023826907261565,0.8318540250286304,1.0,1.0,1.0,1.0,1.0,1.0,0.6598114814370754,1.0,1.0,0.751760822844758,0.91157060238011,1.0,0.007356400599798144,0.879037453417091,0.7074477269027203,1.0,1.0,1.0,0.00015853574932655015,0.0297182840333668,0.00027999421539891397,0.000325022197013407,0.00033794049141245956,0.000265305598188575,0.8485167096116296,0.9820775400521502,0.02779986987940948,0.0001265568372964157,0.00018212609083495518,0.001309121085610382,1.0,1.0,1.0,1.0,1.0,1.0,1.0,1.0,1.0,1.0,1.0,1.0,1.0,0.5001458955121583,1.0
pso002,0.8850086985740047,,0.7373945729457596,0.43026566505403474,0.8145069768153554,0.6139778893822164,0.7164298421283344,0.7383795392752919,0.7436117541223914,0.744725750863994,0.683018169808454,0.6918922816929205,0.2500593714387228,0.7280161793788104,0.8171489870155437,0.14048710877309986,0.8657306736822858,0.9610649537469272,0.8458469444907238,0.6345110468624711,0.5339402643394197,0.6424274332517339,0.6429976038903052,0.7419770615736152,0.647127398346493,0.7380659810670204,0.31966385484383814,0.922384313115164,0.1773712843787456,0.6597013894729352,0.7103014257104634,0.8783218000374495,1.0,0.3153143154567313,0.22109060800074964,0.5064251132761735,0.7473085943601374,0.28206036240759125,0.7823667271721898,0.11378971686431238,0.7790457902242331,0.8394001034439792,0.7502889281331659,0.7826738157195869,0.20400757737294337,0.820407549681895,0.9509787047211692,0.48791013573426967,0.8562319885150861,0.5076183701809783,0.6238675340537356,0.01435032361453974,0.29500936354026414,0.4579398454447282,0.8646513013368039,0.2675944646784333,0.34622738149086074,0.1443568677988315,1.0,0.026218952750211404,0.31050839566205446,0.8642210919393474,0.6408145628361868,0.7463313250756738,0.738193041117523,0.8293819472356941,0.6284207582144135,0.8291742846759376,0.8663988821718025,0.4545354504530087,1.0,0.9924072071697538,0.40702923981334427,0.8469117624203855,0.6338857618412668,0.6491421641335707,0.2924834438268554,0.6765614846690804,0.2577827284065033,0.474371382214295,0.5730048216027142,0.5226431149054331,0.3701157862273383,0.2072495829085199,0.5046696711450978,0.5046696711450978,1.0,1.0,1.0,1.0,0.03588008101823315,1.0,1.0,0.7911431570905821,0.8412174061872554,0.6308702672365235,0.22416695454466778,0.3573198727280058,0.6526546352526796,0.5085478006468239,1.0,0.24729258544573035,0.0027164284915074935,0.6317518604738666,0.40428231837044915,0.6194068920763488,0.19527232256107344,0.8610910110792757,0.7656430445514115,0.18992554593254146,0.750353982179793,0.8614336157166462,0.8638436352931016,0.7348695878770777,0.4104344918132863,1.0,1.0,1.0,1.0,1.0,1.0,1.0,1.0,1.0,1.0,1.0,1.0,0.5156889303539464,0.7868563317151098
pso003,9.96441614367219e-06,0.7373945729457596,,7.241927901537516e-23,1.0040885859766051e-20,0.001096056578712423,0.011725307502631508,3.5622063295237784e-08,8.974089544618689e-05,0.00011608867658484249,3.0849742738381776e-14,0.004713169538433483,8.166357516609156e-09,9.643187160480519e-05,0.0006596509306111451,0.0004836697096414874,0.039269815901762754,3.0893771089818025e-08,1.6209063066708908e-06,9.834358128456904e-05,0.0007437608682027097,0.011294879091665806,0.32939946848055884,4.934617452453904e-07,0.0004409897572869691,0.0001586718588654568,4.6354632993647514e-07,0.8137801255420507,0.6751967863899169,1.4357840728563668e-12,2.889385046949912e-09,1.540226880150143e-09,0.0005842943892931373,0.02548578184921695,4.548622724243566e-05,1.4553319550369346e-05,0.000624211364299138,0.001230982483974109,2.4137225836515348e-05,7.427806328521748e-05,0.0004896575162559962,0.009988929024543325,0.00986107053374643,4.482157319519751e-06,1.0965147202592315e-06,4.916069167347756e-05,0.0001550307021169531,1.8879918493595154e-08,2.4757684105725585e-08,0.08384761072817677,0.3050034925352219,2.206575623924388e-08,0.0028463619011028043,0.019162582226555366,0.005983095256371624,0.00917287635748519,0.11933097364129334,0.14493207510809591,0.6639169598992783,0.25819735208710665,0.03838089030965709,0.025418493771106006,0.0010093757487542176,0.008129430614557287,0.032007731052818414,0.032574592219124524,0.48346924452569773,0.0023376959212955684,0.0070855565802021726,0.029082050799352773,0.22299210823862653,0.041102999108095034,0.076077063522492,0.18427582486813882,0.7872328331922834,0.05979494958443368,0.10869039875733685,0.32112031315402867,0.1408990193934092,0.2749677372756835,0.06857270382610284,0.5860193688975024,0.8654944456897998,0.31564542514621813,0.6639169598992783,1.0,1.0,1.0,1.0,0.6639169598992783,0.7716979428392272,0.03468446252294834,1.0,0.8022109218383024,0.41304497462344814,0.4667383041226958,0.31910438281513864,0.5522411964425834,1.0,1.0,1.0,0.4511467580287719,0.006691766677830495,0.02405239418771752,0.0997438833479536,0.2530432743852792,0.005001815625805191,0.17464162848331952,5.531977246107071e-06,0.002092671956451744,0.021110984125942592,0.15808448320066515,0.12228425499603253,0.0717156874173164,0.12996323062967663,1.0,1.0,1.0,1.0,1.0,1.0,1.0,1.0,1.0,1.0,1.0,1.0,0.4669072139917545,0.46156012535239754
pso004,0.007462147519006144,0.43026566505403474,7.241927901537516e-23,,1.5366845871896034e-19,6.710853411787784e-08,0.0005269742448975932,2.391739114057184e-05,0.032394890263372035,0.00023902689209746156,4.489001564325899e-13,6.4651791978126055e-06,5.160117141849133e-08,1.4754242662871581e-05,4.19145378051106e-06,0.0038972973207711883,0.014174576129167739,5.445865079875718e-06,0.00014419747066529728,1.0814480811798103e-05,3.7656481111185953e-63,0.0017650313585794801,0.1963794324173159,9.341112024340234e-06,0.02939503069010142,0.00037587099337786287,6.622086241849945e-07,0.6046637636608161,0.40255021019979376,1.6891909162567596e-09,6.240895486415822e-08,7.56781856879093e-10,0.00031568425855094367,0.3068852441960519,0.0041794598832746825,2.232957020142041e-05,3.6424314217516377e-08,0.05999158694267391,0.0007071344387801915,3.889530714606431e-05,2.3460390542603413e-05,3.3739591724588995e-06,3.2013879165104195e-05,5.0432562758892576e-08,2.484736375694243e-07,4.102530127988351e-06,1.062653899543809e-07,1.4353366249816656e-07,0.0004763047225636725,1.690415430778029e-05,0.43140288403667426,2.3258835474780404e-12,0.434616419040485,0.1695640573791734,0.0003657071562386528,0.1425391904875206,0.5692833500535405,0.28895438714743804,0.8825300797835082,0.8398663647408394,0.0027923028833025665,0.04825248455304204,1.110352262860721e-06,0.029474571729815578,0.004592688969569983,0.2075394369593656,0.0234773022805035,0.003296706732904841,0.0016340603785541324,0.01692056874817718,0.08152350269101118,0.014273853851269919,0.09020245603248343,0.03445756332927165,0.9472595831029648,0.1371122234180211,0.16896783597008783,0.5595125529193341,0.009273707555550988,0.13757843837874195,0.8429590563802076,0.5292415044763757,0.682069857487629,0.01603872001981225,0.1285357085900922,0.8825300797835082,1.0,1.0,0.9166478866195147,0.8825300797835082,0.1720105191458685,0.4024148452353349,0.1285357085900922,0.9035011845788313,0.09570274853075321,0.43643578406163874,0.9160741371146113,0.4825099231567681,0.8949411010194166,0.9907726113779927,0.8825300797835082,0.12067215190651827,0.00014221181950146191,0.015375973349916975,0.05604550445759436,0.011676608663529672,0.11319230673959624,0.8852008365267731,1.9233850953004125e-07,1.2026881767106848e-06,0.07457431385409519,0.7002609878850532,0.6284216283980397,5.2916929794205516e-06,0.9719650867791283,0.1285357085900922,1.0,0.8825300797835082,1.0,1.0,1.0,1.0,1.0,1.0,1.0,1.0,0.8825300797835082,0.7502968892133364,0.7909681237807611
pso005,2.0037301444849844e-05,0.8145069768153554,1.0040885859766051e-20,1.5366845871896034e-19,,2.8135888547220344e-08,3.1565718012498705e-91,2.175726746707699e-94,1.956488374589101e-93,1.577345251230486e-91,9.208140634705514e-14,4.177804146103947e-05,2.330649304120431e-12,0.0006818268108792219,0.007927529084918554,0.0011191892235228023,0.5121494744204755,8.011262878564597e-05,1.960019137710403e-10,0.0038475737311911935,0.02416834087899037,0.0638457045500237,0.027468324788522697,4.020782460235098e-185,5.739443282362638e-63,2.6294423554868915e-93,1.615330883325928e-07,0.09132857934753223,0.07138011872907586,9.301103128413119e-08,1.9910099975786575e-05,1.5830509748918775e-09,0.0008517986233497331,0.049660130383747975,4.891185892291954e-05,5.481722728896491e-06,1.82333582945539e-06,0.01137302183932092,0.013992636755107481,0.012671041575842503,1.7034747466836114e-06,0.0014244562668841076,3.7848007130377803e-91,2.591989771495581e-182,1.0518682098300926e-187,4.350041171583491e-183,5.287161016694238e-07,4.393613479459466e-188,1.4142589356902379e-180,1.8956166537795647e-180,1.1434170484111508e-178,0.018702545409687025,1.0116646897337455e-178,2.032794628498873e-179,1.8681886338686664e-180,3.942858724457221e-181,1.3653394072221357e-178,8.309078312225207e-179,3.5533891276876405e-181,1.456538646484602e-178,8.139408599482988e-185,1.8492788888815718e-181,7.521232263901327e-07,7.468892340725972e-93,5.258904012236244e-183,1.849596586630341e-180,8.56553628860872e-93,4.4916506283821553e-182,2.8505592010381653e-181,7.353749556427178e-183,0.0765370098392076,0.009011814655288759,3.15504810227588e-90,6.290188808114365e-180,1.131171936926832e-88,7.863055866778592e-90,6.481250962963882e-179,7.8151298384972875e-90,7.659950363436728e-91,1.0675852664140187e-88,2.192296705122177e-179,0.7013523775413316,0.5889821397586508,0.7654650288650852,0.5244502229125483,0.6769274528651418,1.0,1.0,0.557932587839349,0.6769274528651418,0.23793006764823327,0.039757325603503965,0.5244502229125483,0.7537960646626303,0.8042303143397641,0.021185920248142486,0.836583123815728,0.14278570378846603,0.903902505700369,0.25953331876231095,0.6769274528651418,0.7233124160301948,5.650616806248808e-185,2.3776519163484268e-91,1.9815533112388e-180,1.1527362361809635e-181,1.1177691069554535e-182,1.1085728343330078e-179,5.652622176450015e-10,1.0683615321192845e-09,6.919219467772059e-91,1.479983100996048e-178,2.5895181734621107e-180,4.94560563285853e-94,0.14492822587569906,0.5244502229125483,1.0,0.6769274528651418,1.0,1.0,1.0,1.0,1.0,1.0,1.0,1.0,0.6769274528651418,0.9977025117818447,3.2497412138145347e-06
pga001,4.882236866898771e-06,0.6139778893822164,0.001096056578712423,6.710853411787784e-08,2.8135888547220344e-08,,4.652636486257223e-55,2.146772056686808e-59,5.23824542802105e-53,7.209774627944656e-48,6.234052374399544e-07,2.7183675840601933e-96,3.814784679033355e-89,2.522263603121229e-44,1.7130639816063876e-89,5.515940377183733e-88,1.8305925296467975e-86,0.5266236168276577,5.146704921546645e-173,0.502693713713475,0.5024012086505605,0.10767356845253745,0.2082062102625848,5.673404519474907e-09,8.291788318333425e-37,1.1492566603459938e-45,0.09564277329608148,0.8547225334608808,0.7860185799567627,7.465635336595444e-05,0.015953725876319436,0.004101731307118816,0.018622310045960887,0.06282209469502117,0.3983443350455693,0.017964632156005245,0.00025071546216142544,0.47790638391344165,0.0777552230455195,0.22628292208387138,0.005671701670572818,0.000883554957182172,1.0598726655945534e-46,2.0042562072076427e-09,1.0331897360264304e-07,1.8582836331975547e-08,0.004524113236153092,3.993543085738774e-12,0.00011785677821767931,0.00074954602707146,0.0006058040763877184,0.1270730463924814,9.412067219460217e-05,0.0013406508159171011,0.000701942728549894,8.657394402447632e-05,0.00036323445676551884,0.0006947468097098599,5.033701032746859e-05,0.0013675696368320375,2.417687871990759e-05,0.0007079044123876799,0.09659166360882641,1.3076348871389907e-08,0.00011910436359285709,0.000425123998730248,0.02100229813700631,7.013318996021824e-05,0.0001768696534233763,0.00012995072920129146,0.033954973371012345,0.04562711028448376,0.0014216724884720585,0.00016055303317366568,1.602617995584042e-43,6.052867356095727e-44,0.0009803262650442913,1.6646485588007602e-44,0.0011578891939031508,3.428447557736042e-43,0.0007305447003165635,0.3704529812218705,0.6614386659338902,0.8491189794710616,0.7188906860451216,0.9655259543848325,1.0,1.0,0.8536805913097608,0.9655259543848325,0.42181660568409607,0.9976600882513538,0.9655259543848325,0.9588564582910281,0.9486192382135381,0.8630631353152476,0.2885674874363578,0.6313078747370214,0.7568933479966852,0.4127636117836405,0.9655259543848325,0.7996822514431303,0.00017707466959861366,1.3883448729203164e-44,3.648524890812108e-08,1.1486174793602472e-06,2.0343941482851374e-05,1.0934853081792678e-05,0.08668392860121296,0.024710751351251864,0.00033071473906188696,9.455559006584518e-05,0.00014219896834652984,2.6468897189273667e-44,0.8953859688681474,0.9655259543848325,1.0,0.9655259543848325,1.0,1.0,1.0,1.0,1.0,1.0,1.0,1.0,0.9655259543848325,0.9997319057311972,0.7353364987922144
pga002,0.027086096965759577,0.7164298421283344,0.011725307502631508,0.0005269742448975932,3.1565718012498705e-91,4.652636486257223e-55,,3.939761804808083e-186,1.2102009379008066e-184,8.289546903005782e-183,4.506241190085061e-09,1.729941984614132e-92,2.565193663724183e-94,1.0202002476292285e-54,3.6805950998950495e-91,3.640737279755348e-92,7.884993463121858e-93,0.42799574950409214,1.1244951232656503e-06,0.0019654958247102153,0.24093157261253997,0.14102051477101704,0.020339366739375565,2.70500460359633e-94,8.488531622355353e-122,1.6365486338747888e-184,0.09966391799507981,0.17736604482332577,0.2988545813941323,7.284429028495935e-06,2.0301278519985024e-05,3.536503951162909e-05,0.0006625233596630647,0.7837617873880579,0.0008156787097375461,8.163103825734251e-07,1.5977052924725908e-07,0.30895768375905075,0.009459581581551937,0.0016291535931190182,0.002386991933694059,0.0005868732410538123,1.6122988588386318e-184,2.0025894376244158e-94,5.796486612693343e-91,1.2850720119640375e-94,0.0024664847778870028,1.9306681687385887e-94,9.127824867204913e-93,2.1213772262530923e-90,2.6642590298290744e-89,0.00417504592834329,1.192883517499191e-88,5.3309785541256985e-90,5.374569226169192e-93,2.3973949958721302e-91,3.9165465482820595e-89,9.008735218310516e-89,7.656421192084057e-91,4.441627948745044e-89,2.1943830587250936e-90,5.117177745428614e-89,0.045159405455133035,5.576846107628918e-44,4.468065161515976e-90,2.2450762791003928e-89,1.5029789135049284e-47,1.8222788509737912e-89,6.509945628654296e-89,2.5376008872781343e-89,0.025969705462203865,0.032012942192395866,6.624167360251849e-44,5.521857737560345e-90,4.420177143104706e-179,2.118348494268082e-179,1.0876650506099087e-88,4.384096515925461e-179,1.0809790129854538e-45,1.0956811958544565e-178,1.1813313950206435e-88,0.8952594814691732,0.5882948426522843,0.0020665829168923424,0.9294228055361013,0.030215405077296743,1.0,1.0,0.9902958552996151,0.9294228055361013,0.20880955042301633,0.13396860302352664,0.030215405077296743,0.5040357268313267,0.7441481738307253,0.2468664615131214,0.4957944018878391,0.20880955042301633,0.33608113806250806,0.6923042063019177,0.9294228055361013,0.5498951557525895,5.050104533544608e-90,7.294552885882178e-180,1.1930856738547382e-89,2.0765817472172062e-90,6.880189470891625e-89,3.583766021771999e-89,5.6564262640918416e-05,0.0020082029220949787,3.906370546703125e-46,1.4278758729649828e-88,1.2967287428595498e-88,4.8137652236667e-180,0.9472543225966719,0.030215405077296743,1.0,0.9294228055361013,1.0,1.0,1.0,1.0,1.0,1.0,1.0,1.0,0.9294228055361013,0.6114742529085757,0.0026075664723176277
pga003,0.024219051585873355,0.7383795392752919,3.5622063295237784e-08,2.391739114057184e-05,2.175726746707699e-94,2.146772056686808e-59,3.939761804808083e-186,,2.326843349652034e-189,3.983061328347863e-184,3.3552173675880675e-12,1.9126222690450864e-109,4.177547114373033e-99,1.0703166312498966e-53,5.62644742698392e-91,9.012304810927928e-91,1.0305078818929177e-89,0.006491837660196903,5.278699747691461e-07,0.0001474947386658603,0.0006982795942439295,0.000333381095025147,0.1918712250952964,7.295140501413139e-95,3.59668506541771e-128,4.3719790732780686e-183,1.1433288597846014e-07,0.3893828543263194,0.3967391727393112,2.7580555652322726e-11,3.815997337092065e-06,2.1991494351433515e-14,0.04275355219597916,0.0804663036961786,0.002417477565419973,6.085306227285341e-06,1.2916210809043273e-07,0.004502314757786365,0.005033240255509521,1.766138596678412e-06,1.5194715610852828e-06,4.4523055705585063e-07,1.5275023505781823e-183,7.604574894293193e-101,5.119217481667656e-93,1.8077995253460148e-94,0.0013139426888888694,3.646415111316686e-99,7.217386304203821e-93,1.2393011422060262e-88,8.32118082386428e-89,0.0004750272087166484,1.7943437339548165e-89,1.7731888038889146e-89,2.4435187560593024e-89,1.4088736623767252e-90,1.5752992568092204e-89,1.2046519657853391e-88,7.65642119208384e-91,8.80628314284472e-89,2.1018902267257987e-91,1.9298129686190463e-90,0.0043787243245510445,1.1465069694077325e-44,1.0984487744966161e-89,3.926990965384973e-90,1.4092530288267643e-45,6.603551824276336e-90,1.1279874735685715e-89,8.147827063864977e-91,0.013571454257621164,0.00028156203702959305,3.4179220384829174e-47,5.336649542947052e-91,6.323256198347821e-180,2.797663848546102e-181,1.153451335142894e-89,2.183625521033475e-183,6.195575430149466e-49,7.375016642158664e-180,1.5746665549374525e-88,0.8028622320998516,0.9756985258003799,0.6766865705069456,0.42926627838950093,0.7412637724259548,1.0,1.0,0.9902156132024083,0.7412637724259548,0.009351435033345465,0.14849619707001865,0.7412637724259548,0.7872760207926237,0.8634807370549551,0.19278441148609496,0.9281463348872288,0.8478638562015715,0.6711867202472164,0.7204872178600339,0.7412637724259548,0.5704940179277043,1.4758007245663043e-92,4.26146023329981e-180,1.1226744491857478e-90,4.73943258410606e-89,4.138880571970595e-89,1.1130523507856109e-92,4.2923039342816365e-08,1.0967976464302112e-06,8.007500883812614e-48,7.08982231551171e-89,1.188476389313987e-89,4.306238772881318e-179,0.5726606615019415,0.7412637724259548,1.0,0.7412637724259548,1.0,1.0,1.0,1.0,1.0,1.0,1.0,1.0,0.7412637724259548,0.4404916153676891,0.00206499641993734
pga004,0.02278661046553716,0.7436117541223914,8.974089544618689e-05,0.032394890263372035,1.956488374589101e-93,5.23824542802105e-53,1.2102009379008066e-184,2.326843349652034e-189,,9.826499831997559e-183,0.0007059457824667529,5.597540086730335e-97,5.364757925731885e-94,2.5449720295473266e-48,1.8518444051081852e-90,5.243358716160272e-89,1.6290296112153393e-90,0.6027864325606309,1.1819533097913324e-05,0.25617755943577747,0.006184899482994853,0.010684542951494451,0.21261463955251061,1.6524125390312627e-96,1.7843909389700197e-120,1.672201048077988e-181,0.0007861163868821392,0.12424220339150861,0.3693899904676333,0.00729948568880436,0.4104070651187597,0.005663538892320396,0.005374648804779773,0.2438321283699758,0.529536770443034,9.185317413037696e-07,0.014038268016765651,0.02521688938953856,0.013163261614617939,0.28400292626524065,0.005558671533665875,0.047505841926997354,2.5248481011788918e-183,3.469663006530507e-90,4.822017401942205e-90,4.288254213639829e-91,0.6763326099351051,6.858092409815562e-92,1.655655342518831e-89,1.459352285621049e-88,7.824796598574274e-89,0.9447300289072997,1.3426015190494472e-88,1.3665734321384139e-88,6.307904879707252e-89,4.048794007329644e-89,1.1253161964369039e-88,1.379352903643365e-88,7.656421192084277e-91,1.589349334077073e-88,5.905563670866676e-89,1.2920537902210194e-88,0.2555716937843672,8.190031622317284e-44,1.1317078690953853e-88,3.987798051039759e-89,4.728128448054409e-44,1.0244374471409746e-88,7.890628680480332e-89,1.3196391267409833e-88,0.45490199295278577,0.39313932659602685,8.392710339508472e-44,1.4316463364541157e-88,3.60765091820435e-179,3.3920273629015405e-179,7.869819514403316e-89,5.516104434477964e-183,3.2759626846345194e-45,3.755895205785783e-179,1.52323828407318e-88,0.6702193139464296,0.9374667224147586,0.9077315099597935,0.5662000152716025,0.5662000152716025,1.0,1.0,0.6675545694723786,0.6409181605068974,0.32393221324103816,0.9184621135239246,0.6409181605068974,0.491869415327579,0.9091962859943461,0.331442586074269,0.4436584962599387,0.8194183287397117,0.8955969269416268,0.9468638541485538,0.6409181605068974,0.7867828684763731,6.473365648041338e-89,4.745122857114013e-180,1.4148667276802134e-88,7.704343663378291e-89,1.2218170036183974e-88,1.370346790291227e-88,0.0560800774182624,0.36564746876013043,3.0254136381245693e-45,2.3876215842570414e-89,6.887722059926388e-89,1.2763366510850317e-178,0.7929947099917821,0.6409181605068974,1.0,0.6409181605068974,1.0,1.0,1.0,1.0,1.0,1.0,1.0,1.0,0.5662000152716025,0.9134173071446348,0.002727765405417214
pga005,0.011927054409112655,0.744725750863994,0.00011608867658484249,0.00023902689209746156,1.577345251230486e-91,7.209774627944656e-48,8.289546903005782e-183,3.983061328347863e-184,9.826499831997559e-183,,2.326793843822023e-08,1.264580723835467e-92,1.299220009097652e-92,2.2246234660215955e-48,4.273539539599207e-94,4.394280333537175e-99,8.675373625443575e-99,0.005972228390490379,0.00022738469764162057,0.00012372967497437063,0.376250684141539,0.01717123396532784,0.2592095456446454,2.8582943003791795e-94,9.108295993184572e-125,3.2061480524641524e-187,0.0006742795460019485,0.4517993985772918,0.55895231133912,0.00020494176808297823,0.0007769335286114957,3.5151657491944317e-06,0.00020709342802675628,0.0037602485091937235,0.09939943850846603,9.727376622445875e-05,0.0001031794768700178,0.2068101193098487,2.7638697444183466e-05,4.258794463883491e-05,0.0006316407942144201,0.01630327472925384,1.282439711757491e-183,4.5758094880999e-92,7.4698406410141e-92,2.7054602394731146e-93,0.029432565226726916,2.082429597708039e-95,1.7721734720668766e-93,1.5884613538876024e-89,1.0097679160277107e-89,0.0001704438197743464,9.017328266383632e-91,7.498584109263424e-91,2.476853781813844e-89,3.8580548483279606e-90,7.537601105637067e-89,1.242726584695328e-88,7.656421192084277e-91,8.118790335568435e-91,5.754496271391713e-90,1.3336016597975418e-91,0.001584033794382748,1.1044565825310753e-45,2.8169085611409048e-89,1.398266158799689e-88,7.343207993207498e-45,4.317393311728003e-91,6.573489266742155e-90,8.152699164094038e-90,0.012405822198406661,0.007422206068574301,1.5635806348947864e-44,3.839745737999929e-89,3.0018046541765274e-179,3.87690355796376e-180,7.685416871367711e-90,4.856951383537803e-182,8.220638183079339e-46,1.7638276246851139e-180,1.0308732659907366e-88,0.8623053942288763,0.8362856414637929,0.8907642193674604,0.0705864340236615,0.9082441306668751,1.0,1.0,0.9558310452457538,0.9082441306668751,0.2508151330330067,0.9534845941887491,0.0705864340236615,0.9827870145173676,0.8619511030151974,0.005224596621314189,0.9520796046987854,0.8322891638374588,0.7177399573527317,0.963315453112248,0.9082441306668751,0.7079908643895706,1.1475760804199329e-90,1.571406572758832e-179,3.4734146011218076e-90,4.822788273556596e-89,5.363247415854151e-89,5.011495462256487e-89,0.000536631685638163,0.00013269910455413598,7.501265049527728e-46,6.211997059382477e-89,2.6168187359193985e-89,2.100381009871497e-179,0.5593655228341281,0.0705864340236615,1.0,0.9082441306668751,1.0,1.0,1.0,1.0,1.0,1.0,1.0,1.0,0.9082441306668751,0.1336218566444373,0.001984909976636081
pga023,0.11246742222212178,0.683018169808454,3.0849742738381776e-14,4.489001564325899e-13,9.208140634705514e-14,6.234052374399544e-07,4.506241190085061e-09,3.3552173675880675e-12,0.0007059457824667529,2.326793843822023e-08,,1.5011678762129854e-11,1.6232720570221953e-16,1.2378927493813326e-07,4.113848291991063e-06,1.6929572245415124e-06,0.0009657108847095118,6.4216784495144686e-09,7.93541585827996e-07,1.7533241092683158e-06,9.00435345573729e-06,0.0057750006304915225,0.005340611604809194,3.1333754698940954e-10,5.574087933232074e-08,1.0987444980028338e-08,5.900917015786832e-10,0.44947203592534446,0.22778808537809134,1.940290253853419e-18,6.874879221323835e-13,1.0806868558098678e-31,0.00791541773356158,0.03246861884442822,3.7328244298880995e-08,2.1965776909313081e-16,1.9420735780220323e-21,0.001742462188838343,8.184021319898789e-11,2.4659638458795038e-14,3.3200866326461433e-12,1.41559720628793e-12,4.256329789291341e-11,2.5780999129674824e-15,1.4043986869221633e-15,1.570146765215628e-11,2.5746572529348667e-13,5.792905218319673e-18,1.6486618623470915e-07,0.015279362396155653,0.34981754135546217,4.970850657107489e-18,0.22325875203088966,0.005274356793717875,0.01990004183036346,0.000550949423651698,0.5014984472878125,0.9241437312873413,0.8369187692070906,0.19737184604569852,1.0531346545258616e-08,1.120598231135792e-05,2.0706081352001123e-10,0.018283824278481842,2.2392436629470242e-05,0.00018543223734840308,0.0005266190073017595,1.6995200031091074e-09,2.8706574084544862e-05,3.304173560762503e-08,7.883012129387805e-07,1.1513668397921511e-09,2.2945478865474483e-05,3.5170694219641718e-06,0.034265173527168624,4.197819723020469e-08,0.000669638780234152,0.0009595618512654551,5.5978414734646657e-11,0.00024914570456557503,0.18502833374617952,0.0038753461026275137,0.3535505232150932,0.032809090140563706,0.24257336999457796,0.8369187692070906,1.0,1.0,0.9924192182718327,0.24257336999457796,0.3285268672994715,0.6238538664759543,0.24257336999457796,0.9220240649828185,0.27717011022928045,0.0008843033900569468,0.09237520723423587,0.19591310492002809,0.9779150233722435,0.9490738207409389,0.8369187692070906,0.27704724766147293,6.905765490159055e-08,3.9195124258447945e-08,0.0005646468866296799,0.00048361073130022777,0.00016945575615096934,7.638464089338848e-05,4.672966931943961e-20,8.520453404498076e-10,1.2098297959140107e-05,0.0726150067462283,0.009808845711410014,4.865291797491674e-05,0.9188680966449201,0.24257336999457796,1.0,0.24257336999457796,1.0,1.0,1.0,1.0,1.0,1.0,1.0,1.0,0.8369187692070906,0.21766697355188303,0.7827415297958161
pga024,0.09081092220831759,0.6918922816929205,0.004713169538433483,6.4651791978126055e-06,4.177804146103947e-05,2.7183675840601933e-96,1.729941984614132e-92,1.9126222690450864e-109,5.597540086730335e-97,1.264580723835467e-92,1.5011678762129854e-11,,1.4118824415839233e-192,1.110450141700067e-95,2.7753596896506656e-184,4.4151371421619055e-183,4.4548192311657886e-181,0.0038213715290625777,0.001027333191810806,0.002229967707834825,4.4131818929844085e-08,1.653558666465928e-05,0.08276932343814469,4.000953535827257e-06,3.0961263473039562e-65,4.959445323956176e-98,8.267135603586722e-08,0.48714939248382183,0.6075310375618572,1.501536554411859e-06,0.0017144707148324737,1.281229817626258e-06,0.0018165393042495139,0.02615943625055424,0.0003782542401744047,6.661754208763584e-08,6.945855510072053e-07,0.08041500533875282,0.0014589304867517374,0.0002100260379219399,4.20193401028595e-07,2.243833414973511e-06,1.2894757983636195e-94,1.8338923887269223e-15,3.237076318556475e-11,8.761078376590992e-06,0.00013659968537925113,3.2563768689740846e-13,4.132476201224824e-05,0.9732076217668093,0.5526233618785075,1.7501768224933896e-12,0.12474011676509986,0.018426130188167376,0.001970671322991919,0.00012639512266043136,0.34854642545631953,0.9607753053311332,0.7981951743200372,0.29521733667184197,0.003557152456666875,0.01913563287664251,0.0010636227565986713,0.05562985148573565,0.005460108185990491,0.16653352485674808,0.0007999447277743497,0.002370334820558174,0.019013141667962422,0.2253671003278937,0.4912738363546466,0.17719757114219659,0.24142563278295065,0.6459017731029326,3.8976322924089044e-89,1.6804880848794136e-89,0.66320576320227,6.50353340143434e-90,0.0016637178717282587,6.998388748229499e-89,0.889565962378105,0.3730907920434879,0.39212112011473454,0.9748023965906814,0.7981951743200372,0.7981951743200372,1.0,1.0,0.9178862158603076,0.7981951743200372,0.4704386022803906,0.6813338459668226,0.7981951743200372,0.9919595630370533,0.5963841589066875,0.10034134498010992,0.9760748882808062,0.9651013004125902,0.8278124973617428,0.9055454638070264,0.32690784179825455,0.4063243297433403,0.2405355711554749,2.3321740505484673e-89,0.7218619331880411,0.20243271961326872,0.5111968181433746,0.09702679336491224,0.0014114350085035194,0.0005692503914585142,4.779785943077615e-06,0.8230687570024613,0.6386555442075861,9.449272100162279e-89,0.9884798251605775,0.7981951743200372,1.0,0.7981951743200372,1.0,1.0,1.0,1.0,1.0,1.0,1.0,1.0,0.7981951743200372,0.7490436549628946,0.30643228993838834
pga025,0.8610699420173697,0.2500593714387228,8.166357516609156e-09,5.160117141849133e-08,2.330649304120431e-12,3.814784679033355e-89,2.565193663724183e-94,4.177547114373033e-99,5.364757925731885e-94,1.299220009097652e-92,1.6232720570221953e-16,1.4118824415839233e-192,,2.083928788869216e-103,2.8394855597457477e-183,4.076188487879026e-186,1.1835036072692565e-180,0.04422197132427834,3.821069653087131e-05,0.0008109508591841797,6.611611056312332e-05,0.014983336175133746,0.03419684442640855,1.9553005575462432e-05,3.145209864145199e-65,4.7943746978609746e-95,4.289785799838045e-07,0.4432317521435275,0.37896861945848503,4.955292919484939e-08,5.037510215002905e-07,2.5210904928560202e-11,0.18354147403481286,0.10661553413268232,0.00020696967867045224,6.406480531425258e-09,2.355356090205488e-06,0.04262748468735075,0.0006402996008137575,0.0011858492783312386,6.430233950925121e-09,9.234215096524782e-09,1.2321821708286186e-94,2.7210242325099823e-11,1.2399974291604134e-08,4.490604879726538e-05,4.5019009538853364e-08,5.233883066828253e-10,2.473110219214962e-07,0.2651208191635258,0.6264337079671614,1.877026541893189e-07,0.3009413428147905,0.2530375697728752,0.2188362319255688,5.662890109048687e-05,0.09255015194579136,0.8729808142417828,0.8585934425898185,0.13977175742843262,2.3033669451773904e-06,0.0003213382148313569,9.29020977936847e-09,0.016978703104633137,0.0020176943322412627,0.03492086291738044,1.0745850131128234e-05,0.0518543973679838,0.03112225394956868,0.09586526989242733,0.20365221576718748,0.006252236165017433,0.14138745627172705,0.2007512882183962,3.6227239081722493e-89,9.123490344715988e-92,9.736471924521356e-05,8.309830130544241e-92,7.01199872330865e-05,1.3016957235131052e-90,0.9856409960743434,0.40469434742062604,0.5332029198055868,0.02904003751092224,0.8585934425898185,0.8585934425898185,1.0,1.0,0.1967336327577629,0.8585934425898185,0.8908695124436099,0.784866939945373,0.8585934425898185,0.9919618259741637,0.9016574787998356,0.03335116688900802,0.18681089184585886,0.7390127736697866,0.671295987735396,0.46487332848204765,0.8585934425898185,0.20318365917778308,2.0581821552480464e-08,4.1079349974240606e-92,0.0031527281280554686,0.08359384099855244,0.02918503203290389,0.061050478068603684,1.3050605733736149e-09,3.867744203281623e-07,7.253296107132302e-10,0.1885663957258805,0.09646147519313257,4.641230546795202e-90,0.838696231069417,0.8585934425898185,1.0,0.8585934425898185,1.0,1.0,1.0,1.0,1.0,1.0,1.0,1.0,0.19112241764543067,0.13631280076274935,0.5395080979308777
pga026,0.8446070872885988,0.7280161793788104,9.643187160480519e-05,1.4754242662871581e-05,0.0006818268108792219,2.522263603121229e-44,1.0202002476292285e-54,1.0703166312498966e-53,2.5449720295473266e-48,2.2246234660215955e-48,1.2378927493813326e-07,1.110450141700067e-95,2.083928788869216e-103,,1.0694197423568921e-91,1.256276745494827e-94,7.906768432793985e-95,0.11827305353551443,0.0138685880299261,0.010222140707635748,6.692021601626034e-05,0.012467916044283796,0.047007652393448646,2.1833680446344165e-06,4.516689912079593e-34,6.020202743793325e-51,3.99091104939468e-08,0.7535372210925418,0.33920343790378843,8.973102097595891e-06,1.4344602042354826e-05,1.064271803344681e-09,0.16260906564123093,0.08099047011546415,0.0003488478992584701,2.3380992463706673e-07,7.060252705738686e-08,0.0015322690910117567,0.05550207923051984,9.258658860763963e-06,1.2693531872477452e-07,3.661379103259406e-08,3.1633996769850308e-50,1.067442131642227e-08,2.9288117647122347e-08,0.005401667599276194,0.0057028311127515895,8.650180072023551e-08,0.00016128322574846877,0.9680249742263807,0.44628548174305727,2.257018357669216e-05,0.6424644813854175,0.07417661301589444,0.21507295635620538,0.0003254460072727694,0.19676300152884002,0.3014533268973631,0.8816990258877032,0.8447684079761026,0.4232767418993477,0.5230525008427998,0.18167519921104364,0.02525313259638876,0.31478265915580966,0.31448836227279786,0.0034873849061287363,0.03235050042296046,0.1433348737773774,0.10189316808851699,0.006794246338702655,0.0006984235166933522,0.19691044908259547,0.49173474222898217,6.9811932667930904e-46,2.088519108065452e-45,0.0091059480587752,2.7049489940106143e-48,0.0007554434161882742,3.185975839566523e-44,0.022373077951972433,0.5860227403270777,0.9727872542701336,0.8693040458155552,0.13257412413526734,0.8816990258877032,1.0,1.0,0.9270865947796167,0.8816990258877032,0.006170172048432572,0.18731371045754858,0.13257412413526734,0.9438908938355697,0.12126975099507868,0.4824095384442991,0.9418069310838115,0.8702875393650584,0.06837255816823934,0.5312241896347369,0.8816990258877032,0.8399938152388271,0.7509880551985828,7.69601369321751e-44,0.6234613889514837,0.5549727552020558,0.7507307353458164,0.25144060233424853,0.0021631967879121097,0.011796659081430289,0.00032025214741351627,0.9823701523790908,0.8067558161635757,3.9683437964425834e-44,0.9731689644095871,0.13257412413526734,1.0,0.8816990258877032,1.0,1.0,1.0,1.0,1.0,1.0,1.0,1.0,0.8816990258877032,0.8781982360606388,0.7931942611427268
pga027,0.3646761234297631,0.8171489870155437,0.0006596509306111451,4.19145378051106e-06,0.007927529084918554,1.7130639816063876e-89,3.6805950998950495e-91,5.62644742698392e-91,1.8518444051081852e-90,4.273539539599207e-94,4.113848291991063e-06,2.7753596896506656e-184,2.8394855597457477e-183,1.0694197423568921e-91,,5.650408517666334e-198,4.267805795961454e-185,0.0014607848761151153,3.980226574914922e-15,1.2306193570975475e-11,0.004023816797538768,0.000202294047390591,0.012971914498839951,4.0269203557396216e-05,4.673966153649962e-60,2.7792712962467557e-91,1.0021925616531618e-05,0.8998050447238476,0.028747519240879957,2.9161028680846563e-08,2.8839758609505903e-06,9.741646893113892e-11,0.1079897820212255,7.481320817514039e-05,1.1433011725108142e-06,7.6155956287907e-12,6.112307612784283e-06,0.001794894663251157,0.0006350890646585797,2.5901878460587348e-05,2.070563827465911e-13,1.7789220701757418e-12,6.678295343923362e-96,8.935938883449468e-06,1.3278821540624565e-05,0.0003131862938631729,0.00021411090518865832,0.020563828337884844,3.094973745027325e-08,0.1193767487894163,0.4951264640668974,4.513654166392884e-12,0.007816507753995219,0.24757614107263223,8.580503617751264e-06,5.14435799433786e-06,0.9379772364519929,0.34427550451381433,0.8766763903706368,0.09381203747264456,0.07758706689061921,0.0012197212996773864,0.0008497876587059978,0.0001584809743473582,0.016366373949151955,0.5310762509055712,0.023106953329376744,0.03534859968367243,0.04928992181436706,0.002391028766013302,0.06435256042847946,0.002414953872751611,0.4541296562877737,0.04667145340474761,1.6579025042783703e-89,1.2162167418508004e-89,0.00567312640744538,1.4734569956844058e-90,0.00047270799351907083,8.105697259438028e-89,0.9885600762833392,0.9391402741539822,0.37390235636028735,0.0880737560781968,0.1468996256840653,0.8766763903706368,1.0,1.0,0.12067296913955954,0.8766763903706368,0.2746629138782617,0.9785398390965763,0.8766763903706368,0.5009448720793335,0.14892259611217823,0.2669747559255207,0.18527656261350514,0.072674442129714,0.03564123070825863,0.5161934838368047,0.8766763903706368,0.8626803073182174,0.24343741076168487,8.700555756089435e-93,0.6624158150198414,0.5617710178400355,0.08809004938254873,0.4555448682586365,2.0512779537565006e-10,0.0031300190284609427,0.0006842231518327861,0.9782998206781705,0.22822984444863897,1.5238795354867088e-89,0.7434182571247667,0.8766763903706368,1.0,0.8766763903706368,1.0,1.0,1.0,1.0,1.0,1.0,1.0,1.0,0.8766763903706368,0.37585661275819165,0.1480494868618759
pga028,0.9464835039499256,0.14048710877309986,0.0004836697096414874,0.0038972973207711883,0.0011191892235228023,5.515940377183733e-88,3.640737279755348e-92,9.012304810927928e-91,5.243358716160272e-89,4.394280333537175e-99,1.6929572245415124e-06,4.4151371421619055e-183,4.076188487879026e-186,1.256276745494827e-94,5.650408517666334e-198,,1.7571034710044535e-188,8.259437656044236e-08,1.0161969260394235e-10,9.29207425657187e-19,0.0002328966898257983,9.548727084883654e-07,0.1646729004139446,0.0002225416274746388,1.6484378617894162e-63,4.0177578358016304e-94,5.191075951501749e-07,0.8819016780883616,0.7608863721277372,1.5408151089891734e-06,3.0906021292293563e-06,7.066853758222993e-08,3.2846019557752855e-05,0.0014577178680213981,0.000273773639265129,1.0539874335967756e-07,8.395799057564617e-11,0.07105714684913968,0.00024517717720014856,0.0012568795731231646,5.613726781837695e-12,9.189092860284174e-08,3.270446339191742e-101,7.157192988214072e-07,7.684480330145551e-06,0.0019576340998319827,0.0005950309961520043,1.646926501424299e-08,7.776720585702296e-06,0.4579401270394782,0.9851784788785753,1.0434413151227112e-07,0.10030002600384985,0.06752439988681248,0.0004989643091385465,3.540405666310889e-05,0.435620440594244,0.020703784868467072,0.8987973025312358,0.7930527091254604,0.0062528673143729995,0.04285608618876028,0.010095808808068025,0.27177816239244945,0.1723173718576994,0.3882010279207578,0.29621474637961565,0.25365298356423815,0.046023930953269544,0.12795244657243068,0.5557038600511235,0.20012834665857782,0.17580264100076434,0.8038330687221902,4.138249556857661e-89,2.6602708334528396e-89,0.10380408200600245,1.9741497016017232e-89,0.2065386325123936,1.496470922809585e-88,0.8527195838522512,0.8944855752393734,0.9175389218925468,0.17989292676486804,0.09363348046774461,0.8987973025312358,1.0,1.0,0.8488281666704216,0.8987973025312358,0.02401689111800703,0.5357397409745952,0.8987973025312358,0.6399734203391259,0.9869968375107687,0.9597646263213928,0.6962497781518084,0.6556400860993101,0.8684482883705181,0.9858896469200977,0.8987973025312358,0.7255201800894076,0.9129354278388718,6.1293656752564595e-90,0.688124904561889,0.46791987627218745,0.5048346893401761,0.16061854935741945,0.00028400732589012025,0.007963779907341954,0.003276098766144735,0.9549576556835517,0.8123298742738905,1.0248845931497736e-88,0.10815509653091168,0.8987973025312358,1.0,0.8987973025312358,1.0,1.0,1.0,1.0,1.0,1.0,1.0,1.0,0.8987973025312358,0.6357817181558967,0.7367766168839183
pga029,0.9644833309381362,0.8657306736822858,0.039269815901762754,0.014174576129167739,0.5121494744204755,1.8305925296467975e-86,7.884993463121858e-93,1.0305078818929177e-89,1.6290296112153393e-90,8.675373625443575e-99,0.0009657108847095118,4.4548192311657886e-181,1.1835036072692565e-180,7.906768432793985e-95,4.267805795961454e-185,1.7571034710044535e-188,,0.09891884952093714,7.092920936206718e-05,1.0555229288173523e-06,0.30981502634284436,0.00021850085121602507,0.11168864610092329,0.002192099476921055,6.725062274992012e-62,8.794601978961966e-93,0.046569646333383265,0.9003875500346862,0.6575745499293069,0.00026791559593142554,0.003949225647729683,0.0013523499299231694,4.321967414418522e-07,8.728751419382081e-08,0.04498915945753419,4.6185246324810835e-05,2.32913967331078e-07,0.1148589500075383,0.11934789454683356,0.005441965676039264,0.00021280128190921503,5.037635773427284e-07,3.293309017828306e-96,0.0012505783527137983,3.0104598171458894e-05,0.5242238033835978,0.07726810936527863,0.0010894827695572958,5.760440518935289e-06,0.7036600893404354,0.8954217264480436,0.000551140240996175,0.32678113826483557,0.5427513599018539,0.00012913485881962716,0.012319880950981561,0.9386357307591919,0.8276959255143443,0.9345366591281451,0.004447099630281638,0.42824848810118,0.6295201466569228,0.048907255672914866,0.20217851553054592,0.13865165178237307,0.06630673030470363,0.0956460924205996,0.4895782314145304,0.018556330704909876,0.011335855224581847,0.06389328700837987,0.00999878859165222,0.4056824548968326,0.5221773893862838,1.5235049404082967e-89,1.4444367356921734e-89,0.11743724795684891,5.7746785365718894e-89,0.842878041021303,3.912358675473421e-89,0.901098737909054,0.5357235508564586,0.8542629966384303,0.036062784015814864,0.9345366591281451,0.9345366591281451,1.0,1.0,0.0766644474958431,0.02365213965225807,0.3054207497369541,0.3211024153651742,0.9345366591281451,0.8909560794849548,0.9784393798693815,0.5583365408216165,0.8142634035855368,0.7805300601703609,0.2630432571699689,0.7116554141734697,0.9345366591281451,0.012803947809332793,0.029280553352854847,2.799102665497959e-89,0.6041765002384325,0.4882671741033906,0.417775289888465,0.5069074933045268,0.0011843847105873179,0.0015853413683424688,0.07525738163722148,0.9662754022530734,0.41847809301004,1.009276690053789e-88,0.9302983463952467,0.9345366591281451,1.0,0.9345366591281451,1.0,1.0,1.0,1.0,1.0,1.0,1.0,1.0,0.02365213965225807,0.0013817270371840951,0.597997006857505
psa001,0.0047188672600396485,0.9610649537469272,3.0893771089818025e-08,5.445865079875718e-06,8.011262878564597e-05,0.5266236168276577,0.42799574950409214,0.006491837660196903,0.6027864325606309,0.005972228390490379,6.4216784495144686e-09,0.0038213715290625777,0.04422197132427834,0.11827305353551443,0.0014607848761151153,8.259437656044236e-08,0.09891884952093714,,2.080302542705181e-14,1.3044972586008605e-10,0.006323270858821988,3.167121371834143e-11,0.7219310965140886,1.1874196391223114e-07,0.00021168221934391517,0.000422792810436162,6.993614629470229e-11,0.054873311974031204,0.07086143605302851,5.721248543890539e-05,0.0027832448069329764,1.8513466181717117e-05,0.0002730855180033188,0.0009742147989181274,0.022933296287166796,0.08146901292442932,2.790776741983675e-05,0.14773473353218577,0.002655555974871939,0.002892528297206004,0.00013889323094520137,0.0009610626920824867,0.18601529291661775,0.00032293212636065003,0.0011151919496603714,0.13622511106979324,0.004317065174712143,0.060140926635323305,0.002125443275105615,0.30516899684725546,0.24250111037574945,6.865937166959272e-07,0.7592389187470561,0.013145831066867491,0.08237543023402805,0.00838297967507636,0.5720205093913805,0.745671832872929,1.0,0.09221938157856455,0.011544261960340306,9.020994347779616e-05,0.015561181408734467,0.3131021378062437,0.0485951646918648,0.5367943822444384,0.36129832057206807,0.009816565285005881,0.2620105519476632,2.7372320600037615e-05,0.017221971274978022,0.7401758891582224,0.10385420079932003,0.007297085478735059,0.5511619647088073,0.10251018052529852,0.1578391249532855,0.6128215715143461,0.10246170772357993,0.19263760168602723,0.6755614698361556,0.3395023114554986,0.259500285325311,1.0,1.0,1.0,1.0,1.0,0.4267603853434495,1.0,0.364283269026041,0.5878779510187435,0.6951952127760599,0.41073224382581885,0.7734837285836166,0.20672460382328917,0.24979657817583956,0.5543209294031559,0.10568252331993033,0.9320899534216542,1.0,0.573533911281998,0.5927632726103984,0.04620790406010883,0.024144526044359186,0.004087127556072621,0.5815627315562503,0.33170267159865224,0.0001427699099143753,0.0009989224025863,0.3536200053917203,0.729771591056046,0.6072131282365504,0.005040796124427932,1.0,0.6951952127760599,1.0,1.0,1.0,1.0,1.0,1.0,1.0,1.0,1.0,1.0,1.0,0.3960560928296576,0.7964726618454221
psa002,1.6101181000778244e-06,0.8458469444907238,1.6209063066708908e-06,0.00014419747066529728,1.960019137710403e-10,5.146704921546645e-173,1.1244951232656503e-06,5.278699747691461e-07,1.1819533097913324e-05,0.00022738469764162057,7.93541585827996e-07,0.001027333191810806,3.821069653087131e-05,0.0138685880299261,3.980226574914922e-15,1.0161969260394235e-10,7.092920936206718e-05,2.080302542705181e-14,,4.81844471251468e-16,0.004486307332284793,1.505799131975685e-09,0.16729899640279602,2.6457848257897783e-11,4.3586135250136347e-13,6.030303116300067e-08,5.796526038392662e-09,0.47256441391496695,0.4087890291178009,5.609869779809871e-07,0.0008932715186766916,2.1380472410276438e-10,0.002161022643661697,6.293716113794168e-06,0.002671553278623544,1.5030966177224733e-06,1.8680199813119012e-08,0.0016462181255342688,0.0018229652858274873,0.005359291575830283,0.00029947556524202013,1.001925738613757e-07,1.4036363045206612e-06,8.132683665794564e-11,1.5158092534517607e-11,1.374429752325284e-07,6.516399185391721e-05,1.3233874190382594e-09,5.6222548940513364e-09,3.6616520144442135e-06,0.00016791731890969554,4.122842058074034e-06,4.8523526751878054e-05,0.0001275110270169117,2.0570266974199527e-06,1.2077915960530276e-05,0.00025839184761590115,0.00023585446662335437,1.544917698418083e-05,0.000311669542127981,1.880163316946682e-06,3.465406523615261e-10,0.00039681997549100077,3.7977266749262834e-10,4.087404441276233e-08,1.5223170508782122e-05,2.5064054591513875e-05,1.718600152286288e-05,1.2141978695089272e-06,7.763799227060133e-10,0.0030698961934407603,0.0027483379134045625,4.442287885393492e-06,2.480488122743445e-09,0.020210747653597993,8.480091295259554e-05,7.472648877852814e-07,0.0006808491188233895,4.632945654233259e-07,0.0011232465968116488,0.000128485938984912,0.7746802123725796,0.9325128106202549,0.3321843378499078,0.8803579050961463,0.6210179034242027,1.0,1.0,0.9534976039288101,0.6210179034242027,0.20269606832438175,0.42277426104723514,0.8803579050961463,0.9076535077780639,0.9762493816863876,0.32089111124709885,0.9167941741712029,0.9848647973953498,0.593797549613702,0.2869163748183833,0.8803579050961463,0.7400636754152743,3.5033459167190393e-07,1.1160809068617395e-06,2.08991513019981e-09,3.7854987117478144e-10,4.371126401161776e-07,3.546866575859365e-08,4.885262126695802e-09,2.2155054664151576e-05,2.95667295723806e-05,2.0113884657413397e-05,8.234156450045149e-06,0.002983478575768608,0.8819174431987289,0.8803579050961463,1.0,0.8803579050961463,1.0,1.0,1.0,1.0,1.0,1.0,1.0,1.0,0.8803579050961463,0.9895710008119541,0.9226562686412293
psa003,0.6818128230621037,0.6345110468624711,9.834358128456904e-05,1.0814480811798103e-05,0.0038475737311911935,0.502693713713475,0.0019654958247102153,0.0001474947386658603,0.25617755943577747,0.00012372967497437063,1.7533241092683158e-06,0.002229967707834825,0.0008109508591841797,0.010222140707635748,1.2306193570975475e-11,9.29207425657187e-19,1.0555229288173523e-06,1.3044972586008605e-10,4.81844471251468e-16,,0.002100942670141257,1.65331043740555e-10,0.18968270039117685,1.235939472501751e-05,1.36521321771237e-07,2.415658299439267e-06,4.3184612177035096e-17,0.022319951391593203,0.6025384340016826,9.914415894957343e-08,4.310425565304836e-06,7.973570525310918e-08,0.007084281780466936,1.0807816015700554e-05,0.00028641610707545636,6.010640379204901e-06,3.290325192291607e-11,0.028939379925903674,5.866886740114019e-06,1.843252074952571e-05,7.771786505865559e-09,0.011355761301575737,3.1043619049547113e-06,2.6131944941180446e-06,8.705461078936403e-07,0.008977351828454095,0.005918913131087726,0.0002020967309112044,2.591640858877655e-06,0.15822079026892594,0.053828599174047656,2.1497056978431435e-13,0.3471446495684926,0.5589786516458519,7.130934788865765e-06,0.35790365736641355,0.9959525468135617,0.8338018700501918,0.9338103976049266,0.5735196607187165,0.015445387467711302,0.013688546301944474,0.006717425604883234,0.48023118376639884,0.06458114850187278,0.4096147500217536,0.11120876477329701,0.1834579795762848,0.011979826015107359,0.028260418341093448,0.009202154963664382,0.006538108234173379,0.0713241901445198,0.001438561527957523,0.2667637537235918,0.04021878579809697,0.0968727379173296,0.018110880452833343,0.048886364149389974,0.8166860098474749,0.9851192510133386,0.7086587129885753,0.8487939237244377,0.37336457862762035,0.9338103976049266,0.9338103976049266,1.0,1.0,0.5154774080682285,0.9338103976049266,0.15499083847032102,0.8763383948534834,0.9338103976049266,0.40522033865722273,0.9793405305104376,0.5788562279759635,0.9789107873481938,0.7700115370537411,0.8318194005755247,0.8527999770668202,0.9338103976049266,0.8138804177388389,0.03802318806728112,0.059619091062742255,0.3908909034562046,0.056446027350129054,0.007574778480075097,0.04938552244686443,2.4066980331725437e-06,3.5081275504202437e-06,0.16971313949312308,0.8643652798979706,0.13873780497298815,0.10385774328754725,0.9339622278293875,0.9338103976049266,1.0,0.9338103976049266,1.0,1.0,1.0,1.0,1.0,1.0,1.0,1.0,0.9338103976049266,0.5723562461049356,0.7891070295060972
psa004,0.8283834419927933,0.5339402643394197,0.0007437608682027097,3.7656481111185953e-63,0.02416834087899037,0.5024012086505605,0.24093157261253997,0.0006982795942439295,0.006184899482994853,0.376250684141539,9.00435345573729e-06,4.4131818929844085e-08,6.611611056312332e-05,6.692021601626034e-05,0.004023816797538768,0.0002328966898257983,0.30981502634284436,0.006323270858821988,0.004486307332284793,0.002100942670141257,,1.155507005716652e-12,0.3355588179693388,0.004511900080977015,0.004616551244457303,9.680143505462484e-05,1.2052836693209307e-06,0.8529452508438347,0.7119075753887223,1.0476442118763172e-05,0.0002485022054243788,2.3730435320667503e-10,0.02002700725963689,0.0002659786932535183,0.05605618969225176,0.0007683005531988569,1.0377196349002283e-16,0.011180326764708159,2.2228367093640766e-06,1.2052836693209307e-06,9.354609119388469e-08,0.0030256457852224283,4.7377238662968007e-07,0.0002945594187160411,0.003301703385013373,3.8139795227734985e-06,1.1014618380863483e-05,6.781878949895965e-05,1.9002645847617603e-06,0.11786470035286226,0.6264337079671614,1.4279907013385934e-07,0.0004537830716100867,0.003424760759592843,0.0007564476368846213,0.004818282715328036,0.753324033482012,0.8729808142417828,0.8585934425898185,0.13977175742843262,0.024628869055587296,0.132874570321725,0.0005103218937326558,0.4049850077370343,0.25447187525805864,0.3917517227815922,0.04194482686778277,0.031889373245448785,0.0006957206450845651,0.028322251111565805,0.04005182005917145,3.0115381057011448e-05,0.020054123709142523,0.010606753964702325,0.014389464272342983,0.026761641646041518,0.018904142058933503,0.014785811050307874,0.014427764364691264,0.06119273730962397,0.8075239207030969,0.40469434742062604,0.5332029198055868,0.9813702405924292,0.8585934425898185,0.19112241764543067,1.0,1.0,0.6282645574971499,0.8585934425898185,0.549604075499319,0.9709724568394904,0.8585934425898185,0.9919618259741637,0.9852195728012042,0.0006173592630931106,0.7644441040517317,0.8908695124436099,0.2315032526262944,0.9821981899468502,0.8585934425898185,0.20318365917778308,0.056558466603910784,0.024180431328437273,0.4730757278320239,0.1197907622356867,0.02918503203290389,0.024214197185177713,6.449382368984798e-05,0.008021836400569915,0.0024178148150994757,0.7024094658682994,0.6908509827483762,0.4315043330970889,0.9257199981200673,0.8585934425898185,1.0,0.8585934425898185,1.0,1.0,1.0,1.0,1.0,1.0,1.0,1.0,0.8585934425898185,0.5522462426722773,0.9629273843043661
psa005,0.12095131012955833,0.6424274332517339,0.011294879091665806,0.0017650313585794801,0.0638457045500237,0.10767356845253745,0.14102051477101704,0.000333381095025147,0.010684542951494451,0.01717123396532784,0.0057750006304915225,1.653558666465928e-05,0.014983336175133746,0.012467916044283796,0.000202294047390591,9.548727084883654e-07,0.00021850085121602507,3.167121371834143e-11,1.505799131975685e-09,1.65331043740555e-10,1.155507005716652e-12,,0.8137143218605889,8.845737524290716e-06,1.3117850030873374e-07,3.292762804337885e-05,1.3425296668713775e-16,0.6686421481952085,0.09747005238582118,0.0038312047295584926,0.002363683193448417,1.3785575780689528e-05,0.0002571713780903184,0.00019226367436700646,0.009464256653442709,0.017685646733560104,6.845121146798496e-12,0.03129604892876654,0.021129677782079196,0.00026181797958555516,0.0020825158497188665,0.03731541451398239,4.108092291393144e-06,1.9470329737223936e-05,7.205450744984852e-05,0.017273543618306377,0.00962616306032996,0.0006209379874012632,3.1680643237630865e-06,0.3956258638248409,0.570841667370321,9.503098406271327e-07,0.030474770820746993,0.2245344747370222,0.2542436726870465,0.20121587649335407,0.5381436183228027,0.512242880116867,1.0,0.24231893484590003,0.002404528038996138,0.11895871967081187,0.00015224633509686126,0.8576785521157712,0.09872689006263273,0.2200333476647201,0.7600467821867659,0.005554015475187661,0.016200880967161123,2.879346232256443e-05,0.005087304791708014,0.03305947295220112,0.0029927853506871525,0.0010835597705900414,0.009925642408040737,0.00596817814347936,5.737997581889202e-07,0.004635664099796342,0.030422990743617286,0.05147077917503774,0.5003857067753956,0.34829958298209707,0.4867960860227206,0.13193831941119102,0.9759745523835128,1.0,1.0,1.0,1.0,1.0,0.8173252886038492,0.7819875267930249,0.9759745523835128,0.912902450051912,0.06974022931796318,0.11249352292623527,1.0,0.609921029194356,0.7230382236792354,0.40652056784985224,1.0,0.9583491133105106,0.03640644089995289,0.00012738569649933676,0.0026422935468028274,0.026819155927796146,0.2976008658973786,0.022258938689149483,2.2907196329874212e-05,0.019988819585465455,0.014112185013933238,0.5787624634184234,0.5708983456959866,0.5283365661778594,1.0,0.9759745523835128,1.0,1.0,1.0,1.0,1.0,1.0,1.0,1.0,1.0,1.0,1.0,0.3437621311416858,0.07023939295543948
psa006,0.3449617024319144,0.6429976038903052,0.32939946848055884,0.1963794324173159,0.027468324788522697,0.2082062102625848,0.020339366739375565,0.1918712250952964,0.21261463955251061,0.2592095456446454,0.005340611604809194,0.08276932343814469,0.03419684442640855,0.047007652393448646,0.012971914498839951,0.1646729004139446,0.11168864610092329,0.7219310965140886,0.16729899640279602,0.18968270039117685,0.3355588179693388,0.8137143218605889,,0.01485659905176291,0.14920564335938807,0.09481404147280498,0.7173062331616382,0.13727841279243402,8.99332891659607e-25,0.002315609356679565,0.5895449017206571,0.011894615463396197,0.2164974278260684,0.3492358634797733,0.004637333195164407,0.0023746979310125932,0.39895225385149535,0.34599045771301307,0.027047912652135672,0.06485956942534653,0.017003677831563806,0.0018650136930218602,0.22978256207980105,0.007904127251746683,0.14205218016306742,0.0765868492889426,0.25583417745839515,0.20887136371640574,0.008827605163300917,0.600163190780585,0.5624551275475047,0.3271335445795562,0.31108681097092195,0.4252780155351169,0.015604200236153496,0.03423821807122037,0.5003147857195642,0.47593787773568963,0.9932747441722651,0.6009756127117245,0.5177849908708246,0.48422771860298275,0.638301660125168,0.33353324914773796,0.35482789430279255,0.2433737996784984,0.862514109889713,0.48901944625571103,0.5311129925036825,0.26111394955497863,0.5727577734192782,0.3257893044140755,0.34897922788676605,0.5687558575838167,0.3577197535216977,0.22531536929562831,0.5156996698173579,0.05428616036446239,0.6953230613569501,0.35774291664687674,0.5537213737913544,0.2960141754508111,1.0,0.8157893912263461,1.0,0.9932747441722651,1.0,1.0,0.7403889364730811,1.0,0.014401101355200193,0.012537078215646143,1.0,0.27676833033860315,0.5821555930656368,0.07751882561856176,0.759671862741125,0.8302086525129964,0.9005483938817616,0.9849262211301549,0.9932747441722651,0.2533648560982173,0.551338156552323,0.019866783652500657,0.5984653186814579,0.36305511895506065,0.19588873717510072,0.5890361512632731,0.14775395926827714,0.9232931286531076,0.0010146412859714632,0.5620504765609651,0.13678978236273465,0.2199372149940489,0.22684541792537344,1.0,1.0,1.0,1.0,1.0,1.0,1.0,1.0,1.0,1.0,1.0,1.0,0.09979653215644385,0.22496908243300448
psa007,6.790491615844192e-05,0.7419770615736152,4.934617452453904e-07,9.341112024340234e-06,4.020782460235098e-185,5.673404519474907e-09,2.70500460359633e-94,7.295140501413139e-95,1.6524125390312627e-96,2.8582943003791795e-94,3.1333754698940954e-10,4.000953535827257e-06,1.9553005575462432e-05,2.1833680446344165e-06,4.0269203557396216e-05,0.0002225416274746388,0.002192099476921055,1.1874196391223114e-07,2.6457848257897783e-11,1.235939472501751e-05,0.004511900080977015,8.845737524290716e-06,0.01485659905176291,,1.9079218075819807e-74,2.130966771042527e-99,7.61935404731221e-11,0.028577043516470967,0.13132219486461483,9.902112510305937e-08,0.0010558798032956976,2.5490610498013582e-08,0.00013328396647860086,0.23251761601350981,0.007504609643068147,1.1338089430211125e-06,2.469322905397743e-12,0.06948608600285273,0.00011312655924796265,0.00041179737919525743,0.0001223354207278228,1.7701983665888746e-05,9.85409096875614e-97,1.6278201073059943e-186,2.3052090783245648e-185,1.8370504583357277e-182,7.235831419752878e-06,2.967115115059968e-187,2.372860329055682e-189,8.704729479682884e-179,7.99356417104875e-179,4.692037836292121e-08,6.921475726149026e-179,8.389130041084889e-182,2.0306195049733418e-181,5.9797473749984626e-182,3.153935944679325e-180,5.151462484276043e-179,3.5533891276876405e-181,2.8316188050759697e-179,9.286525082122306e-180,4.958207312690927e-180,0.0002732589974097919,1.1738658952449588e-89,2.9012701659500306e-180,9.260321892137066e-180,9.99340316710985e-90,6.417952451374401e-180,1.702273626314302e-179,8.190846288484209e-180,0.05136226471373522,0.27843393397484234,1.2550560357264219e-89,9.185996399703385e-179,1.4875824641425752e-89,7.900960545237459e-90,3.9364848855711954e-179,9.934743018599285e-91,5.499056442911167e-90,1.2542537162953298e-88,1.4332645436073685e-178,0.013066971240443415,0.9795368148733279,0.09052698618173646,0.4367156433412853,0.4367156433412853,1.0,1.0,0.753519662190757,0.7378306723938011,0.005013745153358093,0.0013318189000466373,0.4367156433412853,0.9905034884525393,0.7876249020132009,0.07984955337502748,0.8324315414536203,0.9037009245325782,0.31275319793500644,0.712270973112868,0.7378306723938011,0.9859893936360916,3.495119780935071e-180,1.1352706566135884e-89,2.991379505166519e-180,3.351936427043719e-179,3.8097515193726966e-179,2.0903809197640207e-179,0.0020173318697726014,0.08159679982720451,1.4396363479516207e-94,1.2492433434854557e-178,7.049969163240965e-179,2.58207212009982e-89,0.9720753288942628,0.4367156433412853,1.0,0.7378306723938011,1.0,1.0,1.0,1.0,1.0,1.0,1.0,1.0,0.4367156433412853,0.970545632562973,3.704147794896456e-06
psa008,0.021888994223451516,0.647127398346493,0.0004409897572869691,0.02939503069010142,5.739443282362638e-63,8.291788318333425e-37,8.488531622355353e-122,3.59668506541771e-128,1.7843909389700197e-120,9.108295993184572e-125,5.574087933232074e-08,3.0961263473039562e-65,3.145209864145199e-65,4.516689912079593e-34,4.673966153649962e-60,1.6484378617894162e-63,6.725062274992012e-62,0.00021168221934391517,4.3586135250136347e-13,1.36521321771237e-07,0.004616551244457303,1.3117850030873374e-07,0.14920564335938807,1.9079218075819807e-74,,1.1071927247405025e-134,1.0042235659688059e-19,0.756999023585924,0.28050357007121973,4.0431106182748664e-09,4.170383636322601e-05,1.994488554489917e-08,0.010658210989961716,0.03646351913270103,0.02498275124300713,0.0004411184007912061,6.126079174018961e-07,0.01875233299909363,9.88377911056069e-05,0.0027123796676563356,0.0011940150222482452,0.0013429638777046407,6.984049147178903e-122,2.389772435140043e-64,9.197254327018037e-62,3.0100916475804076e-60,0.018210466970817754,9.374724735986383e-62,2.275793467484169e-62,1.265572642504089e-58,1.3551345200982258e-58,8.068324540889915e-06,1.2662797931735573e-58,1.338291756980634e-58,3.101110866565569e-59,2.791358608327583e-60,6.75109302558559e-59,1.3645289247589006e-58,9.889025554276818e-61,9.501563273891184e-59,1.330479680763767e-60,4.4653974764991984e-60,0.003005107462299153,1.5023856080381544e-118,8.655645081654163e-61,9.285957384200073e-60,7.858551186697733e-29,8.72344990669627e-60,4.493855210995703e-61,7.925163068575258e-60,0.00018331743304223017,0.11943194912481067,2.7380406089809933e-30,3.775104330852859e-61,1.9315360195914098e-121,2.357353411211056e-120,2.2191546547728754e-59,7.11769753819827e-124,5.136400297766858e-31,4.790095537952656e-121,9.214933150342825e-59,0.20448062845501322,0.8990803377270506,0.24133629509949392,0.8514914690255341,0.8514914690255341,1.0,1.0,0.6588644603791383,0.8514914690255341,0.014503143218672425,0.02415692790307134,0.8514914690255341,0.4586299491077115,0.631759795838757,0.047887986909474364,0.41516361312540195,0.5941041161178668,0.0535265175346815,0.696590609862314,0.8514914690255341,0.9258703453508492,1.1087969801215893e-60,8.801652616365202e-121,3.3283592016521457e-59,5.35716928965101e-59,7.864896970989026e-59,1.7170742565629966e-60,0.0013861078102549796,1.0010399699451173e-06,5.611276470661224e-31,3.970133743796948e-59,1.2029362878448839e-58,1.0999665404342169e-119,0.9038384094697186,0.8514914690255341,1.0,0.8514914690255341,1.0,1.0,1.0,1.0,1.0,1.0,1.0,1.0,0.20395561571135534,0.9317598381504519,0.024180851716454673
psa009,0.027603754634447565,0.7380659810670204,0.0001586718588654568,0.00037587099337786287,2.6294423554868915e-93,1.1492566603459938e-45,1.6365486338747888e-184,4.3719790732780686e-183,1.672201048077988e-181,3.2061480524641524e-187,1.0987444980028338e-08,4.959445323956176e-98,4.7943746978609746e-95,6.020202743793325e-51,2.7792712962467557e-91,4.0177578358016304e-94,8.794601978961966e-93,0.000422792810436162,6.030303116300067e-08,2.415658299439267e-06,9.680143505462484e-05,3.292762804337885e-05,0.09481404147280498,2.130966771042527e-99,1.1071927247405025e-134,,3.673767299745479e-08,0.45679804185532336,0.4864558514990456,3.4534246441896334e-05,0.0017297347717148974,3.985399378147583e-07,7.235613624152765e-06,0.10484348420116736,0.01635264467980561,4.17253117206059e-07,3.4003449613550166e-08,0.16149734347771094,0.000119923115957418,0.0007809566867296938,1.462926937365706e-06,0.00048500194527780345,3.001028007261793e-183,7.677995337930943e-95,4.2122154863218676e-95,3.1398263659121357e-90,0.00039969574523072217,1.7528638291486184e-94,1.2994497693763245e-94,8.793463348065287e-90,4.546155927513122e-89,3.841770813923897e-09,4.82711314258593e-89,5.722069687524536e-90,3.5972842057504732e-90,3.916807198521135e-91,6.21897594626982e-89,1.1340549967128225e-88,7.656421192084057e-91,5.916663248598345e-89,1.455016101423057e-90,8.418374700846374e-91,0.029549271916471657,1.158098592566935e-44,4.4262159049629924e-91,4.931990094857913e-90,8.580719008240043e-45,6.54204489977691e-90,8.313933584232037e-91,1.9010744951322576e-89,0.0012143769775517326,0.01560947749415283,7.853306805466183e-47,1.8157475000161751e-90,1.6275327143771237e-179,1.8954894195853452e-180,8.601872052203099e-92,1.7790830654015868e-182,4.4510393515496655e-46,2.0964217221119014e-179,9.284472318154653e-89,0.8500731600480167,0.7093801858130704,0.38274407645869113,0.9159439192223913,0.9159439192223913,1.0,1.0,0.9747324051240802,0.9159439192223913,0.0004524548527543136,0.09419558081318455,0.9159439192223913,0.9818813894833543,0.9812705144110438,0.09699948844266901,0.9569062908276618,0.7022340852739795,0.5881050664312863,0.9397477425971537,0.9159439192223913,0.656812901819742,4.879289385751832e-90,2.1715228775762955e-179,9.722138635437514e-90,2.452531479209775e-90,3.339000837747697e-89,1.636880069758043e-90,7.495863350122778e-05,1.542261198512942e-05,4.099260682334196e-46,1.1308778558249166e-88,1.1714636080392916e-89,3.48917751020017e-180,0.5886087539580378,0.9159439192223913,1.0,0.9159439192223913,1.0,1.0,1.0,1.0,1.0,1.0,1.0,1.0,0.9159439192223913,0.9837681149636867,0.0030061662431749773
psa010,0.06675943375967928,0.31966385484383814,4.6354632993647514e-07,6.622086241849945e-07,1.615330883325928e-07,0.09564277329608148,0.09966391799507981,1.1433288597846014e-07,0.0007861163868821392,0.0006742795460019485,5.900917015786832e-10,8.267135603586722e-08,4.289785799838045e-07,3.99091104939468e-08,1.0021925616531618e-05,5.191075951501749e-07,0.046569646333383265,6.993614629470229e-11,5.796526038392662e-09,4.3184612177035096e-17,1.2052836693209307e-06,1.3425296668713775e-16,0.7173062331616382,7.61935404731221e-11,1.0042235659688059e-19,3.673767299745479e-08,,0.040536950737920026,0.5070780065701288,2.981758871122815e-07,8.776478944667839e-07,2.073639713706881e-11,7.961873434650112e-05,0.0017043636137839854,4.8759788514627675e-05,2.0091006861908405e-06,1.4691739786954013e-08,0.0014868320737623762,0.0019812554144543527,0.023012859444392117,2.062102683987958e-06,5.525912572120715e-05,8.347475884144314e-05,2.0079319343651205e-07,3.760418008062428e-09,0.0016073052329708289,0.012584774750811543,8.510068480981971e-06,0.0005069528588296926,0.5606236601872298,0.6549608701903118,6.867430083160957e-13,0.854370500192715,0.6866863870788287,0.3412531236454247,0.001301304082895652,0.7490043160554269,0.16344805872396387,1.0,0.6380885622704353,0.009027959127603638,0.2553901630493858,0.013068373561418798,0.1579824661802395,0.09734818802806817,0.8141978582165107,0.037234507022209956,0.00011396302123673038,0.8192366610123694,0.5667709749304959,0.07171672003594586,0.219850124274934,0.06677845693747803,0.029341823178104402,0.10082379047994736,0.0071964214222740705,0.29941556497118405,5.542887736199213e-05,0.10499092604600453,0.12974401044361364,0.8147172697775334,0.13002030919756585,0.8565365828784842,0.24962405534436324,1.0,1.0,1.0,1.0,1.0,1.0,0.20064578153362056,1.0,1.0,0.31507296965421044,0.759089993243291,0.06077563006297748,0.6992020798567307,0.4775811750875155,0.26369859278331886,1.0,1.0,1.0,0.003314369984340701,0.026679714775925376,0.02060767072758372,0.1627381145571237,0.7844265208377798,0.7697236466490794,1.0980172656442508e-05,8.649076147195738e-05,0.0007060391660955694,0.4993264243585427,0.7534879404103629,0.0004646274747338954,1.0,1.0,1.0,1.0,1.0,1.0,1.0,1.0,1.0,1.0,1.0,1.0,1.0,0.29958596081086314,0.6236880401413645
psa011,0.9971981820512748,0.922384313115164,0.8137801255420507,0.6046637636608161,0.09132857934753223,0.8547225334608808,0.17736604482332577,0.3893828543263194,0.12424220339150861,0.4517993985772918,0.44947203592534446,0.48714939248382183,0.4432317521435275,0.7535372210925418,0.8998050447238476,0.8819016780883616,0.9003875500346862,0.054873311974031204,0.47256441391496695,0.022319951391593203,0.8529452508438347,0.6686421481952085,0.13727841279243402,0.028577043516470967,0.756999023585924,0.45679804185532336,0.040536950737920026,,0.01089407147350667,0.6342011973572838,0.49914944076714873,0.8202559285806642,0.1413326688927575,0.18668349414446211,0.9329368969965964,0.5730891930349941,0.06268973862085774,0.576406065246843,0.6961339387377092,0.3165812655553618,0.470127431830204,0.8912548069234105,0.38935450957368145,0.05735823524663444,0.024291018390123695,0.08644717391454922,0.37499044234516266,0.06213753495751763,0.06790059446230493,0.09147177584297408,0.08479920902741035,0.6712958123469028,0.04960648170209879,0.08715609573638722,0.07759591235745843,0.032505178968118886,0.08932993883092279,0.028816436132018192,0.3877431349283985,0.07457160832255055,0.035334783028088165,0.06414087468556558,0.06045308371987035,0.14780785333818341,0.07016690411322926,0.09008345732986775,0.46333095979820127,0.050326027836419394,0.07441230327508135,0.08471981636131126,0.91528985395566,0.3654443125525284,0.19738106109309414,0.04036177019304299,0.23394165597930375,0.3749521432829514,0.06996887533479688,0.2598804803891305,0.0019867939450163787,0.16507290640570565,0.08907759803995789,0.42459331255531907,0.9579680043357148,1.0,1.0,0.3877431349283985,1.0,1.0,0.9149951321907649,1.0,0.7208295257160829,1.0,1.0,0.8550776927200103,0.7789143131797636,1.0,1.0,0.4678304892252855,1.0,0.0018015600257033709,1.0,0.9757940310458281,0.09108189671058743,0.3999342319891912,0.031491365484477826,0.05279488086089717,0.08886485394051939,0.06414087468556558,0.9926760656305906,0.08611744578170027,0.19054241268424527,0.06167175309414404,0.05782586879427749,0.36583650829765324,0.5590502945676559,1.0,1.0,1.0,1.0,1.0,1.0,1.0,1.0,1.0,1.0,1.0,1.0,0.8096468510412319,0.35178419853528253
psa012,0.24437698154040352,0.1773712843787456,0.6751967863899169,0.40255021019979376,0.07138011872907586,0.7860185799567627,0.2988545813941323,0.3967391727393112,0.3693899904676333,0.55895231133912,0.22778808537809134,0.6075310375618572,0.37896861945848503,0.33920343790378843,0.028747519240879957,0.7608863721277372,0.6575745499293069,0.07086143605302851,0.4087890291178009,0.6025384340016826,0.7119075753887223,0.09747005238582118,8.99332891659607e-25,0.13132219486461483,0.28050357007121973,0.4864558514990456,0.5070780065701288,0.01089407147350667,,0.3810095345313671,0.8671664988946667,0.08235478475497357,0.2575489076909346,0.31180739939967034,0.5880977484252805,0.14884731091567532,0.1698494030856108,0.41339171753841486,0.5106868125443544,0.37359899124467455,0.9974011260574597,0.7504774440193824,0.5350463734171705,0.11770942667257357,0.7261925870605073,0.17399004797015627,0.005258790181820459,0.6072775413140519,0.2728767439411573,0.6286212358091167,0.23720337539908554,0.2018755853190793,0.3781926922159522,0.7549303712658295,0.1741667663367024,0.7431972811419776,0.1841664600234079,0.5194871573956139,1.0,0.44048700558546583,0.041381676919259675,0.24163483812714964,0.04521489543125441,0.1248425701495691,0.012642943070014004,0.04585625613065833,0.23634889993199656,0.6706370307175553,0.006888708369002387,0.266690847756256,0.752123578978821,0.6878815537029285,0.4671905841260152,0.5436517687613885,0.558893730264334,0.5603657363372272,0.7420847122482255,0.5188713935386396,0.5195236049879755,0.1928186207734254,0.2184960054068183,0.7890332943220327,0.750438836697678,0.05537656854765203,0.7575302884638574,1.0,1.0,1.0,0.6134745267066806,0.7575302884638574,0.0744588195190878,0.13345462665998092,0.7575302884638574,0.5260601525714161,0.0037237672739041773,1.0,0.7478522967770322,0.01788969227813084,0.016993555168783106,0.48893679201341134,0.7575302884638574,1.0,0.4728286829823939,0.33110223618096507,0.268011800895656,0.26439563859964427,0.31674108745451207,0.5178724287498744,0.9609767495471404,0.8299542753194338,0.7152449796374377,0.22080394624533214,0.11137572906102636,0.09464724311325584,0.7416123803328696,0.7575302884638574,1.0,1.0,1.0,1.0,1.0,1.0,1.0,1.0,1.0,1.0,0.7575302884638574,0.6807987114603054,0.11154109880817843
pmd001,0.5731908936577326,0.6597013894729352,1.4357840728563668e-12,1.6891909162567596e-09,9.301103128413119e-08,7.465635336595444e-05,7.284429028495935e-06,2.7580555652322726e-11,0.00729948568880436,0.00020494176808297823,1.940290253853419e-18,1.501536554411859e-06,4.955292919484939e-08,8.973102097595891e-06,2.9161028680846563e-08,1.5408151089891734e-06,0.00026791559593142554,5.721248543890539e-05,5.609869779809871e-07,9.914415894957343e-08,1.0476442118763172e-05,0.0038312047295584926,0.002315609356679565,9.902112510305937e-08,4.0431106182748664e-09,3.4534246441896334e-05,2.981758871122815e-07,0.6342011973572838,0.3810095345313671,,5.113208763589904e-25,1.6308853961932356e-24,9.761276351379685e-05,3.318388769183921e-05,1.6875582901521175e-07,4.16442589591799e-11,2.423395866031841e-08,4.166573151652878e-06,1.386848327737173e-06,2.981758871122815e-07,3.2224266723491924e-20,1.2766090841305983e-10,1.8804596608337754e-09,2.7190416165225883e-13,3.017244055951233e-12,8.519666279099818e-09,1.8809140259250936e-07,1.3796625456114875e-15,3.6665793996099485e-13,0.05943163740115535,0.016183651537374097,1.6140633966305683e-31,0.004056848657173907,0.28776584346445383,0.0010238200967914127,0.0002495316326452034,0.0006746050954412514,0.4899760581233249,1.0,0.6897557567594983,6.63923120335579e-06,4.6159774713517184e-05,1.6037285222012562e-05,0.004240636994086939,6.051118352755955e-05,0.0002718210506615437,0.007376209151394513,0.00013581210388473127,0.0022619724990814104,0.00014319220063075387,0.009663977562130475,0.0011313117047707158,0.11029863227271564,0.2647269985863266,0.2229627984172928,0.011254895567021772,0.18787962584905452,0.0024527253093100847,0.285066461707175,0.3393473347314252,0.7539618909349883,0.20526087592497952,0.4708673858776422,0.03814793721652023,1.0,1.0,1.0,1.0,0.5609528580090071,0.7363718596988554,0.8207406948222757,0.45689615515790094,1.0,0.965744474087112,0.10875886215209199,0.2632839666154789,0.9218441245422863,0.6023399320695848,0.028665817383059143,1.0,1.0,0.5593419785347289,1.10872200653552e-05,0.01174452731630928,0.09051648039119038,0.292121679339162,0.5624475826116714,0.003490165571142752,2.5889368886500075e-12,5.102982358970925e-06,4.476962695074778e-05,0.5488040629620047,0.06579960539363208,0.018314573629915162,1.0,1.0,1.0,1.0,1.0,1.0,1.0,1.0,1.0,1.0,1.0,1.0,1.0,0.5953895075566147,0.5421595034294204
pmd002,0.09488390986719256,0.7103014257104634,2.889385046949912e-09,6.240895486415822e-08,1.9910099975786575e-05,0.015953725876319436,2.0301278519985024e-05,3.815997337092065e-06,0.4104070651187597,0.0007769335286114957,6.874879221323835e-13,0.0017144707148324737,5.037510215002905e-07,1.4344602042354826e-05,2.8839758609505903e-06,3.0906021292293563e-06,0.003949225647729683,0.0027832448069329764,0.0008932715186766916,4.310425565304836e-06,0.0002485022054243788,0.002363683193448417,0.5895449017206571,0.0010558798032956976,4.170383636322601e-05,0.0017297347717148974,8.776478944667839e-07,0.49914944076714873,0.8671664988946667,5.113208763589904e-25,,3.169177387994616e-25,1.2593654440932766e-05,7.18763022536274e-07,1.1710445286922825e-09,2.749912648582758e-10,2.505743612152562e-15,1.8538568373906206e-05,3.810737303694697e-12,2.431268398016632e-08,4.202660403886108e-22,2.8050091831763914e-14,6.207830556243108e-08,1.3871583916403958e-07,6.682225333035665e-09,9.584892311694545e-14,9.70460743741884e-13,5.251893122681093e-15,1.18366592442131e-10,4.696361988353008e-05,0.006998116819980286,8.469959623409472e-41,0.4032243728920425,0.09870733770580381,0.013758136748340392,7.959680728886095e-05,0.0010889730505204646,0.03814319584245618,1.0,0.4119156471768406,1.0938062913843102e-10,3.7053231431888445e-07,4.045984563969267e-10,0.009191503621472918,5.7862923436914676e-06,0.00025878877682497336,9.437707287493147e-09,1.3640115355401916e-09,2.565898028839014e-05,7.255080998878876e-06,0.022930112390247694,2.919676358341839e-06,4.205996461026172e-05,0.021008280599680407,0.009717455464197507,2.1301917712556458e-07,0.024353718288778223,0.0003377690688727205,0.009044746941347227,0.23028136614196032,0.8985002273183462,0.35415438943110056,0.9188944888157032,0.8246892118434923,1.0,1.0,1.0,1.0,0.2740941649133143,0.37545668276200084,0.002142529101083952,0.04054846023978028,1.0,0.8169779791428411,0.4221681024458712,0.17358920977196202,0.16284424141768433,0.227939099311358,0.4070724089248735,0.43060501159328723,1.0,1.0,3.2295898683924906e-05,0.0013450146888914789,0.015454163389715985,0.07240758330242111,0.0015528790601766014,0.01893966175197615,1.9846310863180255e-13,3.051653052980657e-06,3.377013680130486e-07,0.13545314079550183,0.07551298209317264,0.14530089943755134,0.5923076135197234,1.0,1.0,1.0,1.0,1.0,1.0,1.0,1.0,1.0,1.0,1.0,1.0,0.45543857054234393,0.9581651133404292
pmd003,1.0,0.8783218000374495,1.540226880150143e-09,7.56781856879093e-10,1.5830509748918775e-09,0.004101731307118816,3.536503951162909e-05,2.1991494351433515e-14,0.005663538892320396,3.5151657491944317e-06,1.0806868558098678e-31,1.281229817626258e-06,2.5210904928560202e-11,1.064271803344681e-09,9.741646893113892e-11,7.066853758222993e-08,0.0013523499299231694,1.8513466181717117e-05,2.1380472410276438e-10,7.973570525310918e-08,2.3730435320667503e-10,1.3785575780689528e-05,0.011894615463396197,2.5490610498013582e-08,1.994488554489917e-08,3.985399378147583e-07,2.073639713706881e-11,0.8202559285806642,0.08235478475497357,1.6308853961932356e-24,3.169177387994616e-25,,0.0006189387932423661,1.9024043811461175e-06,5.0527211161698294e-09,5.9829589956342534e-12,3.4086519963062904e-24,5.6966840854379956e-09,2.688348052739578e-06,4.9904305791686134e-14,3.112176736950393e-14,1.1311122527605128e-19,3.7481054700768136e-13,5.831967372872139e-14,3.3621363362729474e-16,7.253250759430389e-07,8.251881170285201e-14,1.968310613434312e-16,8.985305036715211e-14,0.008285230658472297,0.015308975284522743,6.4549258302445844e-21,0.02106790868763532,0.2947868137699913,0.0021096627704344246,1.2497246922816368e-06,0.044526018205715896,0.0036631886533890884,1.0,0.1858737361906545,4.295033975697656e-09,2.0472472983663914e-10,1.1485651574629686e-07,0.0003239955605088976,4.410963294426204e-08,5.233500513175965e-06,4.476939218089209e-07,6.158053056096876e-08,1.2639141874182345e-07,5.4752693485777374e-09,8.180548379979612e-05,9.673661932441783e-10,2.2476089160421153e-10,1.0817780282831306e-06,0.0028431364141370836,8.974529138628953e-08,1.336593476270167e-07,5.263954979620648e-08,5.993742157480426e-05,0.0012221981737792426,0.09708216391995787,0.09546840500950271,1.0,0.8714652417181201,0.8966300687986353,1.0,1.0,1.0,1.0,0.8966300687986353,0.00301327038869324,0.019418989665372293,1.0,0.30037071355106637,0.010695971382130293,0.016685761493496355,0.1394948552346723,0.0011630229615208956,0.018158275105417766,0.23174635940487587,1.0,0.16398307103783427,8.474721327663559e-19,4.982360832665137e-19,1.260770229360033e-08,1.2198830279907658e-12,6.466083585357713e-07,1.5288664553690086e-05,5.82132855963277e-47,1.6773358553596527e-23,2.0607462816332624e-13,0.07200192972561732,0.00048030631124575937,0.010330676025279805,0.46394337062099755,1.0,1.0,0.8966300687986353,1.0,1.0,1.0,1.0,1.0,1.0,1.0,1.0,1.0,0.5097052558673429,0.09731067653526518
pmd004,0.08112437308983064,1.0,0.0005842943892931373,0.00031568425855094367,0.0008517986233497331,0.018622310045960887,0.0006625233596630647,0.04275355219597916,0.005374648804779773,0.00020709342802675628,0.00791541773356158,0.0018165393042495139,0.18354147403481286,0.16260906564123093,0.1079897820212255,3.2846019557752855e-05,4.321967414418522e-07,0.0002730855180033188,0.002161022643661697,0.007084281780466936,0.02002700725963689,0.0002571713780903184,0.2164974278260684,0.00013328396647860086,0.010658210989961716,7.235613624152765e-06,7.961873434650112e-05,0.1413326688927575,0.2575489076909346,9.761276351379685e-05,1.2593654440932766e-05,0.0006189387932423661,,9.319723618266728e-22,3.1441927622149043e-07,1.4951404526065792e-08,2.746161960043271e-05,0.18508614367687623,0.00015683303851083343,0.012926692993072642,0.00014790164883534136,0.00031828875640104956,1.4475028202510931e-06,0.0004879107674355374,3.479195450399436e-05,1.4536839365064627e-07,0.0015363334108478039,2.218849219431399e-05,0.00015736339401710366,0.000795548792847244,0.03697892766432101,1.541688527837337e-10,0.002204895858054007,0.0018870898009901859,3.5644146371412976e-05,0.0010889145876494717,0.0015613441892938277,0.004657068662106221,0.2777236340237846,0.011475287524998695,0.0373942588588781,0.03455443673905436,0.25567213717886716,0.14655021816026417,0.03343802433226977,0.015330712089897253,0.1889340577526681,0.008634487125470724,0.03389708364373668,0.0028807055865360896,0.27264621014546664,0.23062407165739016,0.3025238383168089,0.016627679090340956,0.10145043135571111,0.11828313094059345,0.0028250447726323458,0.29492002756904434,0.09338481169913924,0.17498792302913915,0.00908241442142209,0.8380355470789367,1.0,1.0,1.0,1.0,1.0,1.0,0.1308747279148034,1.0,0.1849552408139405,1.0,1.0,0.8554666228104216,0.48526481716825776,0.04596868451155257,0.9449335480134975,0.4635220632841863,1.0,0.8303663532490999,1.0,0.8606074576035495,0.006200301914687712,0.021217989680087385,0.004044791566711329,0.010249511401795716,0.003059194020572397,0.020895193657796334,0.03290095960261894,0.09968334685716801,0.0263209289398176,0.02848866377430528,0.013088835917887792,0.0020306763029869046,0.039176850225389755,1.0,1.0,1.0,1.0,1.0,1.0,1.0,1.0,1.0,1.0,1.0,1.0,0.02465366889742982,0.6954590964932384
pmd005,0.6946201132088092,0.3153143154567313,0.02548578184921695,0.3068852441960519,0.049660130383747975,0.06282209469502117,0.7837617873880579,0.0804663036961786,0.2438321283699758,0.0037602485091937235,0.03246861884442822,0.02615943625055424,0.10661553413268232,0.08099047011546415,7.481320817514039e-05,0.0014577178680213981,8.728751419382081e-08,0.0009742147989181274,6.293716113794168e-06,1.0807816015700554e-05,0.0002659786932535183,0.00019226367436700646,0.3492358634797733,0.23251761601350981,0.03646351913270103,0.10484348420116736,0.0017043636137839854,0.18668349414446211,0.31180739939967034,3.318388769183921e-05,7.18763022536274e-07,1.9024043811461175e-06,9.319723618266728e-22,,0.08198673521002853,0.000668644679170462,4.78141284744184e-07,3.4751340732060503e-06,0.011896183772044025,0.10684064141186934,0.00012639177938823427,0.00011209110770145624,0.04022681238198436,0.001128591119716255,0.0011934945866366317,0.046210467503867265,0.004544722308143105,0.0017271618633439285,0.0017204828879434793,0.05611480276064634,0.8349918460850121,6.476019294756549e-05,0.019301764707076122,0.27635479402726215,0.07322949439457371,0.031311475950271776,0.878314966629855,0.7634167525003215,1.0,0.4270366877548448,0.46263169400505555,0.03838804637958835,0.006577499696875498,0.680881475842791,0.8998481500685989,0.8922972147713019,0.028208610638009786,0.07014285014102811,0.10198310671039461,0.01032331703334008,0.1702329934401386,0.015716328241629805,0.010181840011354849,0.002124542355070479,0.00513923914600614,0.005434420521344066,0.0007771108466175387,0.08997694686922023,0.018740538944390078,0.5303244471962675,0.5362982329950103,0.42459331255531896,1.0,0.7314367353063502,1.0,1.0,1.0,1.0,0.29584935343053176,1.0,0.010189560817472439,0.7737955965657619,1.0,0.8550776927200103,0.05171490500449478,0.11253991988277116,0.07592528148291446,0.27365832310406635,0.22751336910528527,0.6640972219073856,1.0,1.0,0.0047183343464698374,0.0007554726786366102,0.2637466553401066,0.2637500784825788,0.5102805325202449,0.5986205467269141,0.013983858081450735,0.008569813461852462,0.25364101953596896,0.5188946531302643,0.023744596276129463,0.2928905048891359,0.007737088669223077,1.0,1.0,1.0,1.0,1.0,1.0,1.0,1.0,1.0,1.0,1.0,1.0,0.08577902452059062,0.6492388190930817
pmd006,0.14250495828570803,0.22109060800074964,4.548622724243566e-05,0.0041794598832746825,4.891185892291954e-05,0.3983443350455693,0.0008156787097375461,0.002417477565419973,0.529536770443034,0.09939943850846603,3.7328244298880995e-08,0.0003782542401744047,0.00020696967867045224,0.0003488478992584701,1.1433011725108142e-06,0.000273773639265129,0.04498915945753419,0.022933296287166796,0.002671553278623544,0.00028641610707545636,0.05605618969225176,0.009464256653442709,0.004637333195164407,0.007504609643068147,0.02498275124300713,0.01635264467980561,4.8759788514627675e-05,0.9329368969965964,0.5880977484252805,1.6875582901521175e-07,1.1710445286922825e-09,5.0527211161698294e-09,3.1441927622149043e-07,0.08198673521002853,,7.467565723031869e-24,0.00033525456216533,0.005120199985861548,0.0014010634637109827,0.0009098530899862749,2.998940989815879e-06,3.1072275696305936e-15,0.0001686404762232282,0.005666711151819932,4.5751823687851506e-08,2.3083872221072958e-05,1.6761604985183228e-05,7.147692234676789e-09,0.0473457218486665,0.0022358133289786543,0.6376482074524964,1.1310147792610812e-09,0.012748793374177477,0.5777373741535421,0.0005078496804074437,2.0579717352737417e-05,0.7261220111237157,0.9300804778874886,1.0,0.8043440559618279,0.019120809935164736,0.06730057787581069,0.039092374934048185,0.006945279679708832,0.03606491004149325,0.46532053959555664,0.0003662021210241624,0.0024728267577467313,0.10184156056398393,0.19544424813581437,0.9149954823628021,0.35790880568327355,0.5564974194578152,0.9115181687858305,0.2983234229349191,0.08847049919329839,0.02170212379519573,0.5033799181612792,0.06147376685754896,0.5633817133642203,0.09230669324444671,0.02817847819079846,1.0,0.6913310782190374,1.0,1.0,1.0,1.0,0.11130664710832733,1.0,0.8171475955579112,0.7960296914284142,1.0,1.0,0.9198472152552288,0.0007559047073889407,0.4769134964589036,0.2840925916701792,0.6748035937049502,0.8588012865294282,1.0,0.8332488085358359,0.450439905379175,0.1352357291826391,0.37907126341357666,0.9109811199757828,0.5983775052396945,0.8369799669005377,0.0005661679946838624,0.1494200606636772,0.07471026555105938,0.6050110218678802,0.7909248201260528,0.11809029335030262,0.36025031734678037,1.0,1.0,1.0,1.0,1.0,1.0,1.0,1.0,1.0,1.0,1.0,1.0,0.2686679191897258,1.0
pmd007,0.5731839005585277,0.5064251132761735,1.4553319550369346e-05,2.232957020142041e-05,5.481722728896491e-06,0.017964632156005245,8.163103825734251e-07,6.085306227285341e-06,9.185317413037696e-07,9.727376622445875e-05,2.1965776909313081e-16,6.661754208763584e-08,6.406480531425258e-09,2.3380992463706673e-07,7.6155956287907e-12,1.0539874335967756e-07,4.6185246324810835e-05,0.08146901292442932,1.5030966177224733e-06,6.010640379204901e-06,0.0007683005531988569,0.017685646733560104,0.0023746979310125932,1.1338089430211125e-06,0.0004411184007912061,4.17253117206059e-07,2.0091006861908405e-06,0.5730891930349941,0.14884731091567532,4.16442589591799e-11,2.749912648582758e-10,5.9829589956342534e-12,1.4951404526065792e-08,0.000668644679170462,7.467565723031869e-24,,1.5724524038935133e-13,6.761853635360461e-08,3.333024905960244e-08,8.937868672377051e-08,6.993645403783207e-12,1.6150362889309382e-21,1.8423485184378842e-19,3.9617041070250127e-08,1.9386868887617328e-08,5.613719731497241e-18,2.071534464885405e-09,3.0549263526474165e-16,5.678488865136632e-07,0.1350362339320611,0.6287653644179619,2.784191189899736e-13,0.0016290274651527838,0.047439604385378545,3.3099071231213496e-05,8.040499991034024e-09,0.013539717707297068,0.019902415485912775,1.0,0.026218952750211404,3.2735177242363497e-06,9.160466213432079e-05,3.3648853668666835e-06,1.7568257314172145e-05,0.00046976895268475044,0.0006959115187897165,0.00033189238412010673,6.283371240281344e-05,0.16343522058486984,0.00021560818183428285,0.0010697845757006237,4.009027582427435e-06,0.024943578560885887,0.006323808106894535,0.05499843091697322,4.972605144251385e-06,0.026431128354395497,0.0007069416666006985,0.0020694271086056145,0.008386640230530052,0.3790563725996652,0.4146297131101794,0.3701157862273383,0.2072495829085199,1.0,0.5046696711450978,1.0,1.0,0.5391938242168721,1.0,0.00015976580004393672,0.22642867115457133,0.5046696711450978,1.0,0.03539406118447184,0.0003005148723376801,0.35781203121668825,0.15345123034086103,0.03792871871526955,1.0,1.0,0.24729258544573035,0.04746438506734879,8.520801887021873e-05,0.13009309302304334,0.007341509635609654,0.002826567274246984,0.001604735191234062,1.5192582928747022e-09,5.814105995174177e-06,1.1388012125130006e-08,0.7776124706440908,0.0015463151036269958,0.03162668872467927,1.0,0.5046696711450978,1.0,1.0,1.0,1.0,1.0,1.0,1.0,1.0,1.0,1.0,1.0,0.196853304091233,0.8705443108900706
pmd008,0.09080460836672018,0.7473085943601374,0.000624211364299138,3.6424314217516377e-08,1.82333582945539e-06,0.00025071546216142544,1.5977052924725908e-07,1.2916210809043273e-07,0.014038268016765651,0.0001031794768700178,1.9420735780220323e-21,6.945855510072053e-07,2.355356090205488e-06,7.060252705738686e-08,6.112307612784283e-06,8.395799057564617e-11,2.32913967331078e-07,2.790776741983675e-05,1.8680199813119012e-08,3.290325192291607e-11,1.0377196349002283e-16,6.845121146798496e-12,0.39895225385149535,2.469322905397743e-12,6.126079174018961e-07,3.4003449613550166e-08,1.4691739786954013e-08,0.06268973862085774,0.1698494030856108,2.423395866031841e-08,2.505743612152562e-15,3.4086519963062904e-24,2.746161960043271e-05,4.78141284744184e-07,0.00033525456216533,1.5724524038935133e-13,,3.891778077628876e-11,2.905446650812223e-07,5.349647571259023e-13,3.0592822824320657e-20,4.112051208279995e-14,1.574627084494982e-15,9.154572688956399e-16,4.3278075403460395e-10,1.2169784630957246e-16,5.1088425837830335e-14,2.0519365526301556e-16,2.426680937263819e-12,2.254354271912916e-06,0.00188616191524118,9.007738425678215e-23,0.0029874273075099034,0.00214899786949536,0.0009634171713642848,2.2301067150832534e-08,0.09419795239717851,0.19881853320006262,0.5361562029599601,0.007868390189857011,1.3421503915985216e-09,1.5042917800182817e-06,1.3479424959189592e-07,0.01206282201244624,1.765476812863828e-05,0.0004814473052877966,1.161613543980797e-05,2.2824674857298933e-08,2.523272498591003e-06,1.382346963315243e-07,3.406350265668032e-05,1.1127115447106984e-06,1.0068705398942187e-05,2.164757577414284e-05,0.005464677109007147,7.72432884602613e-06,0.0008275578291080001,0.004680509269674051,6.97123647858381e-05,0.0479551458469513,0.15848802809460358,0.9365202340064829,0.6037536614358096,0.13847360262058914,1.0,0.5361562029599601,1.0,1.0,0.18040558787780878,1.0,0.01435935417024197,0.3086363532756797,0.5361562029599601,0.3512387983736597,0.10335472116605056,0.019742456689761278,0.8926426219802499,0.01435935417024197,0.0080080002790325,1.0,1.0,1.0,8.454930368102524e-07,0.008211040448182551,9.286186110019926e-05,7.795537153991305e-08,0.00011191602958520424,1.7665874343901945e-05,2.955387128740403e-12,0.00024311185333993876,1.1915331668301992e-07,0.005502284825905873,0.0012604513022403594,0.00017673228636821888,1.0,0.5361562029599601,1.0,0.5361562029599601,1.0,1.0,1.0,1.0,1.0,1.0,1.0,1.0,1.0,0.2318729740666237,0.4171648927935071
pmd009,0.9331658495659059,0.28206036240759125,0.001230982483974109,0.05999158694267391,0.01137302183932092,0.47790638391344165,0.30895768375905075,0.004502314757786365,0.02521688938953856,0.2068101193098487,0.001742462188838343,0.08041500533875282,0.04262748468735075,0.0015322690910117567,0.001794894663251157,0.07105714684913968,0.1148589500075383,0.14773473353218577,0.0016462181255342688,0.028939379925903674,0.011180326764708159,0.03129604892876654,0.34599045771301307,0.06948608600285273,0.01875233299909363,0.16149734347771094,0.0014868320737623762,0.576406065246843,0.41339171753841486,4.166573151652878e-06,1.8538568373906206e-05,5.6966840854379956e-09,0.18508614367687623,3.4751340732060503e-06,0.005120199985861548,6.761853635360461e-08,3.891778077628876e-11,,2.7486974291880257e-10,0.007255084768048245,1.0895923623886204e-12,5.762794364894728e-12,2.1496436701900568e-06,0.003362476879340918,0.02852685313256202,0.00015350982689563687,0.008711523257182276,7.955209563094089e-08,0.06643241896762565,0.7620917358528324,0.6524332217190569,2.9715781857911512e-06,0.00537563068139088,0.32160580028328345,0.14811160655266353,0.007300282660817586,0.24796391760769312,0.006526990314329768,1.0,0.2713193301930284,0.054436754005929684,0.03214130973013719,0.3061220909068268,0.0410315728930499,0.0553169233233164,0.015836057717135237,0.03125164896883568,0.000735116880826293,0.029476077942379025,0.003870105494491436,0.16627539870391472,0.011300000825696571,0.039678779556481907,0.0010033389079582347,0.20797596675409624,0.002812364282572606,0.7541339956055031,0.0042065522983257605,0.007265994024682299,0.0347459637862348,0.7364404297573428,0.5053223066494612,1.0,1.0,1.0,1.0,1.0,1.0,0.008796663317285416,0.26740383641927234,0.001998377918259875,0.004164949671562018,1.0,0.01833669448563532,0.08853651564198146,0.08598323321461906,0.8941363663620353,0.15443514030612804,0.2671937506052372,1.0,1.0,0.844313422624421,0.00013220312076803255,0.05674366511795006,0.04120683829736016,0.12542728118579177,4.557323885906373e-06,0.008920004289938954,1.56063493936377e-05,0.000666533256042752,0.04522499829098019,0.6719360586552173,0.2844934218771981,0.5002708444417749,0.3735285640317726,1.0,1.0,1.0,1.0,1.0,1.0,1.0,1.0,1.0,1.0,1.0,1.0,0.28025467545361765,0.4577134551636899
pmd010,0.98279268031981,0.7823667271721898,2.4137225836515348e-05,0.0007071344387801915,0.013992636755107481,0.0777552230455195,0.009459581581551937,0.005033240255509521,0.013163261614617939,2.7638697444183466e-05,8.184021319898789e-11,0.0014589304867517374,0.0006402996008137575,0.05550207923051984,0.0006350890646585797,0.00024517717720014856,0.11934789454683356,0.002655555974871939,0.0018229652858274873,5.866886740114019e-06,2.2228367093640766e-06,0.021129677782079196,0.027047912652135672,0.00011312655924796265,9.88377911056069e-05,0.000119923115957418,0.0019812554144543527,0.6961339387377092,0.5106868125443544,1.386848327737173e-06,3.810737303694697e-12,2.688348052739578e-06,0.00015683303851083343,0.011896183772044025,0.0014010634637109827,3.333024905960244e-08,2.905446650812223e-07,2.7486974291880257e-10,,0.0001913665408914455,4.462533726297789e-15,1.1999224902896886e-15,2.0470235498874387e-08,1.9238685242144316e-05,0.005924935399288288,1.2080526636393735e-16,0.00016968832817266667,9.199991706381495e-08,1.1384790677713495e-06,0.4046830533950082,0.8682201787191135,1.0161706048246638e-20,0.07071970008103222,0.19224336125009026,0.5294585172291557,0.015466576330868422,0.2805027960881493,0.8134459269851498,1.0,0.06226237706102031,0.03358408917043431,0.0014063527251437402,7.760304450131101e-05,0.33067447035009995,0.09527609105468213,0.2768188550703908,0.00298988496712093,0.035325609769350265,0.0008386676846090338,0.004436260718182987,0.2544681918622376,0.02474477292577272,0.6023102761369863,0.29743880800270267,0.8746202830813669,0.0007994959667171604,0.727897970672049,0.1564224030345639,0.05465187693766898,0.9103318293713158,0.9597237258202138,0.05604909760363445,0.12093929154170202,0.3378503001133221,0.0981563384879704,1.0,1.0,1.0,0.2054804792097165,0.0981563384879704,4.9287475550637834e-05,7.691539306391115e-05,1.0,0.6356799989525144,0.44263880331394045,0.13508101585864443,0.4431593982469352,0.40979622211004285,1.0,1.0,1.0,0.5265345872804748,0.03544679003805771,0.5229580816664616,0.946739576541173,0.7033436448785644,0.625929411237496,0.049347549486319094,0.004193952565005189,0.015562230925079365,0.03584347162136823,0.1229866669666575,0.6233184811536927,0.7636337082656787,0.9157985379584267,1.0,1.0,1.0,1.0,1.0,1.0,1.0,1.0,1.0,1.0,1.0,1.0,0.0029119456575511012,0.5723935839501129
pmd011,0.2571096182814705,0.11378971686431238,7.427806328521748e-05,3.889530714606431e-05,0.012671041575842503,0.22628292208387138,0.0016291535931190182,1.766138596678412e-06,0.28400292626524065,4.258794463883491e-05,2.4659638458795038e-14,0.0002100260379219399,0.0011858492783312386,9.258658860763963e-06,2.5901878460587348e-05,0.0012568795731231646,0.005441965676039264,0.002892528297206004,0.005359291575830283,1.843252074952571e-05,1.2052836693209307e-06,0.00026181797958555516,0.06485956942534653,0.00041179737919525743,0.0027123796676563356,0.0007809566867296938,0.023012859444392117,0.3165812655553618,0.37359899124467455,2.981758871122815e-07,2.431268398016632e-08,4.9904305791686134e-14,0.012926692993072642,0.10684064141186934,0.0009098530899862749,8.937868672377051e-08,5.349647571259023e-13,0.007255084768048245,0.0001913665408914455,,1.9651128486569724e-07,2.0667717944535273e-08,1.6821525489979488e-06,2.4090591101828592e-12,3.8575074324741464e-07,8.116825750877603e-09,1.922645452745255e-13,5.407111661420809e-08,1.94820341308571e-10,0.00629083999511827,0.2644957412717684,4.664858186028049e-13,0.0031422129215356626,0.1526136928798034,0.0029331855378171654,0.3438234871844468,0.3773826952446618,0.024545658001376237,1.0,0.5701514305717961,4.54824796644361e-11,7.601667427481469e-11,2.9368180131438294e-07,0.00017117926241091367,6.8530734795768046e-06,0.00016479699631115121,0.00025119952623040524,3.329899554601282e-06,8.815778796323922e-07,3.5873434019472985e-09,8.01719929459784e-20,2.4134076887737483e-21,2.2346273677067994e-10,3.547038467510958e-10,4.945686355208513e-07,2.7235141222857126e-18,3.7223655026908996e-07,8.886789289810256e-07,5.076851652911188e-07,7.780892605724132e-10,0.009094182794356767,0.07158256651307422,0.4113995619433348,0.7892599527844606,0.5205505017414984,1.0,1.0,1.0,1.0,1.0,0.10709999305431583,0.034194724049426806,1.0,0.32283768591453393,0.11468834177411488,0.5292412799003731,0.4187363390926234,0.05201399089293528,0.05115964308567028,1.0,1.0,0.7944360698198982,4.951784795478698e-07,1.0469186384831742e-05,2.6964709996797905e-08,7.688444634697102e-07,4.335985482747743e-06,0.06362476660399552,1.0952664642164599e-16,2.445831761462354e-09,0.00019336795092138155,0.016554524846027922,3.0109700523243686e-06,0.009739240505383863,0.3919566801497375,1.0,1.0,1.0,1.0,1.0,1.0,1.0,1.0,1.0,1.0,1.0,1.0,0.6187595557915634,0.9504557570503337
pmd012,0.4412875809697333,0.7790457902242331,0.0004896575162559962,2.3460390542603413e-05,1.7034747466836114e-06,0.005671701670572818,0.002386991933694059,1.5194715610852828e-06,0.005558671533665875,0.0006316407942144201,3.3200866326461433e-12,4.20193401028595e-07,6.430233950925121e-09,1.2693531872477452e-07,2.070563827465911e-13,5.613726781837695e-12,0.00021280128190921503,0.00013889323094520137,0.00029947556524202013,7.771786505865559e-09,9.354609119388469e-08,0.0020825158497188665,0.017003677831563806,0.0001223354207278228,0.0011940150222482452,1.462926937365706e-06,2.062102683987958e-06,0.470127431830204,0.9974011260574597,3.2224266723491924e-20,4.202660403886108e-22,3.112176736950393e-14,0.00014790164883534136,0.00012639177938823427,2.998940989815879e-06,6.993645403783207e-12,3.0592822824320657e-20,1.0895923623886204e-12,4.462533726297789e-15,1.9651128486569724e-07,,1.350657250891593e-26,1.2456564202538286e-39,3.933741498788928e-13,8.872289809161366e-07,6.035607700248087e-14,3.19931499903299e-08,1.5065226098244728e-16,5.482113603377223e-10,0.07633568258762703,0.30420161326975176,1.788337044140302e-25,0.0034412976473940224,0.014414747086151824,0.03235704798421058,3.0384212363329003e-07,0.09066595636781848,0.6924682053185958,1.0,0.36802655460194533,0.0015530781887633726,0.0016376571110870723,0.0006569813599631118,0.0003937922731218754,0.0048816525399399575,0.020714239508277943,6.878988195214328e-08,0.03866177147171869,0.0007937021024279998,0.11336499279238726,0.43931480874391704,0.9550386380820247,0.21476992131402192,0.9003919975115884,0.10080495921507239,0.022357333218566092,0.46720594218351186,0.007764319696336877,0.02417765270814257,0.4441800278456668,0.4652304189337457,0.7743911954683078,1.0,0.012883294374721509,1.0,1.0,1.0,1.0,0.21709590228398243,1.0,0.055874496468127845,0.5872450060483709,1.0,1.0,0.8881460125907191,0.6432552920507716,1.0,0.4496242482320032,0.04118221636763993,0.732280563119889,1.0,1.0,0.03229733273161657,0.10500092832915983,0.06402387820519788,0.04014232666876482,0.16756526094086532,0.10377244071297052,1.0343717727154892e-10,4.7481105383968765e-05,1.449639997599743e-09,0.8899823138525029,0.12112646924340499,0.7111630955374217,0.5200075819081276,1.0,1.0,1.0,1.0,1.0,1.0,1.0,1.0,1.0,1.0,1.0,1.0,0.8294258855806944,1.0
pmd013,0.7916713131555573,0.8394001034439792,0.009988929024543325,3.3739591724588995e-06,0.0014244562668841076,0.000883554957182172,0.0005868732410538123,4.4523055705585063e-07,0.047505841926997354,0.01630327472925384,1.41559720628793e-12,2.243833414973511e-06,9.234215096524782e-09,3.661379103259406e-08,1.7789220701757418e-12,9.189092860284174e-08,5.037635773427284e-07,0.0009610626920824867,1.001925738613757e-07,0.011355761301575737,0.0030256457852224283,0.03731541451398239,0.0018650136930218602,1.7701983665888746e-05,0.0013429638777046407,0.00048500194527780345,5.525912572120715e-05,0.8912548069234105,0.7504774440193824,1.2766090841305983e-10,2.8050091831763914e-14,1.1311122527605128e-19,0.00031828875640104956,0.00011209110770145624,3.1072275696305936e-15,1.6150362889309382e-21,4.112051208279995e-14,5.762794364894728e-12,1.1999224902896886e-15,2.0667717944535273e-08,1.350657250891593e-26,,2.107147537501536e-19,6.028761321033166e-14,6.900851906553396e-11,3.843570875911371e-15,1.016870363015064e-09,1.1019529723300744e-18,5.064456207934998e-08,0.4897517270255306,0.32979159303258604,1.5548594235836343e-18,0.01582266355140871,0.18037545914978853,0.0411167941132501,4.368796496496129e-06,0.10440305755305121,0.22739406419507027,1.0,0.38436896833475104,6.546731131541854e-05,0.0021725729818984634,7.433372221164896e-05,4.1304871855576446e-05,3.716596734406421e-05,0.014016180873697123,1.0732372154666732e-06,0.0014640069813456529,3.824997360281873e-05,4.126742741385018e-05,0.16724725008160404,0.0002915570043424503,9.606404457024495e-05,0.004933136164871117,0.004463889183155169,0.01434966323063997,6.814713406093004e-05,0.011069264053656012,0.00042311480467146904,0.1284783236991745,0.9080248461267375,0.8698097334153336,0.35455658625394293,0.017169256242851826,0.3535423386043042,1.0,1.0,1.0,0.2373046845593908,0.3535423386043042,0.0033962811444092863,0.29416695151927474,1.0,0.7491629430655413,0.562156340119865,0.38763795557946545,0.11892412799375365,0.1593961019912133,0.052581558802559596,0.7133816440464088,1.0,0.0014408364536860861,0.00014295931986841196,0.0015800021037097425,0.04313845257222284,0.052655243780008874,0.16065493637473185,0.027548039340224244,9.793189501846892e-14,1.6557846578857317e-05,5.648358661662344e-08,0.5864633775755699,0.27684949473671294,0.671911766734381,0.08532001464500506,1.0,1.0,1.0,1.0,1.0,1.0,1.0,1.0,1.0,1.0,1.0,1.0,0.21371130401193672,0.24220745269313798
pmd014,0.02942921745210273,0.7502889281331659,0.00986107053374643,3.2013879165104195e-05,3.7848007130377803e-91,1.0598726655945534e-46,1.6122988588386318e-184,1.5275023505781823e-183,2.5248481011788918e-183,1.282439711757491e-183,4.256329789291341e-11,1.2894757983636195e-94,1.2321821708286186e-94,3.1633996769850308e-50,6.678295343923362e-96,3.270446339191742e-101,3.293309017828306e-96,0.18601529291661775,1.4036363045206612e-06,3.1043619049547113e-06,4.7377238662968007e-07,4.108092291393144e-06,0.22978256207980105,9.85409096875614e-97,6.984049147178903e-122,3.001028007261793e-183,8.347475884144314e-05,0.38935450957368145,0.5350463734171705,1.8804596608337754e-09,6.207830556243108e-08,3.7481054700768136e-13,1.4475028202510931e-06,0.04022681238198436,0.0001686404762232282,1.8423485184378842e-19,1.574627084494982e-15,2.1496436701900568e-06,2.0470235498874387e-08,1.6821525489979488e-06,1.2456564202538286e-39,2.107147537501536e-19,,1.3576050421320503e-93,4.2090954620209565e-93,3.9216267566886615e-101,1.2752815851012196e-07,4.675218552683281e-102,8.651913628349091e-98,1.0367644746484074e-90,9.13397339049543e-90,2.3199977833472527e-13,3.031568719973274e-92,4.348951518382306e-92,3.9331217422035586e-95,1.455759425192902e-96,8.490198719271755e-91,5.517256979656451e-89,7.656421192084057e-91,2.5444875101677332e-89,2.60757401254877e-91,5.369627829373773e-91,0.006704512556633412,3.0857938664215117e-47,1.6881469836684978e-90,7.58414337932729e-92,3.50746163367445e-47,3.481151019493014e-92,4.0525459544414564e-91,1.9050835440147654e-91,0.06339541087489438,0.005075511816550445,1.3247104063164984e-45,5.598256745437354e-90,1.3814597680795019e-179,1.0877089090818697e-179,4.155708285598759e-90,3.351865424047632e-181,3.2799801239505666e-45,4.8921825237721824e-179,8.037736774328684e-89,0.7172374851569743,0.8334348125441675,0.037170682261956,0.9459664947756146,0.9459664947756146,1.0,1.0,0.9570021258666336,0.9459664947756146,0.08716996230266576,0.9568780434071114,0.9459664947756146,0.7768195100409162,0.9786637728129566,0.4180265554098771,0.14858538052221015,0.6950839010398604,0.2744404953790526,0.7564751214249673,0.9459664947756146,0.8461599189941074,4.156492783255362e-90,9.050153617514626e-183,2.6171186164731948e-90,2.9359279744604325e-90,1.4187144858413e-89,8.500963153298259e-92,5.75529386494628e-10,1.1755275104684696e-05,4.60670839164672e-48,4.617645134501737e-90,9.976897430113091e-90,1.2317244818974826e-178,0.7151172941407468,0.9459664947756146,1.0,0.9459664947756146,1.0,1.0,1.0,1.0,1.0,1.0,1.0,1.0,0.9459664947756146,0.9672275087036815,0.0025755144037081148
pmd015,0.000315552807369471,0.7826738157195869,4.482157319519751e-06,5.0432562758892576e-08,2.591989771495581e-182,2.0042562072076427e-09,2.0025894376244158e-94,7.604574894293193e-101,3.469663006530507e-90,4.5758094880999e-92,2.5780999129674824e-15,1.8338923887269223e-15,2.7210242325099823e-11,1.067442131642227e-08,8.935938883449468e-06,7.157192988214072e-07,0.0012505783527137983,0.00032293212636065003,8.132683665794564e-11,2.6131944941180446e-06,0.0002945594187160411,1.9470329737223936e-05,0.007904127251746683,1.6278201073059943e-186,2.389772435140043e-64,7.677995337930943e-95,2.0079319343651205e-07,0.05735823524663444,0.11770942667257357,2.7190416165225883e-13,1.3871583916403958e-07,5.831967372872139e-14,0.0004879107674355374,0.001128591119716255,0.005666711151819932,3.9617041070250127e-08,9.154572688956399e-16,0.003362476879340918,1.9238685242144316e-05,2.4090591101828592e-12,3.933741498788928e-13,6.028761321033166e-14,1.3576050421320503e-93,,1.6717088370746666e-206,1.0800436426024098e-193,2.281579505773255e-13,6.96423140545635e-199,2.845618107933686e-189,3.5665154328762456e-181,7.908914190896812e-184,5.6741799456662e-17,6.787862762654746e-181,1.5411103006077932e-179,3.47329560888724e-181,1.1214660679498142e-184,1.6767422841765114e-181,6.036105392671802e-180,3.5533891276876405e-181,6.689630552743669e-179,2.626680694958757e-184,3.5751524569807653e-184,4.818381428345584e-09,7.187723243633431e-91,2.416370875692547e-184,1.2621282613961917e-180,1.7123308199664503e-98,2.6374007743117695e-185,4.2546860826926074e-182,1.1226289311947364e-184,0.21760254963097939,0.001993719137552789,8.569164153351367e-90,2.8715012398477957e-180,1.0562379075147895e-89,3.244336772648403e-92,7.322565709793795e-182,2.1275561783278106e-92,3.264266346707098e-93,3.9919378940562826e-89,4.1655481774366265e-179,0.3372482910014259,0.8863549480268046,0.04536303812062628,0.08272712982680289,0.08272712982680289,1.0,1.0,0.9444248995857423,0.9035493844825129,0.0043573211974813385,0.06222714093921779,0.9035493844825129,0.983382688393823,0.9086775475553642,0.460793730077931,0.7659006741018791,0.77161841074441,0.12707643051695575,0.9781005236737776,0.9035493844825129,0.7371171130669626,8.539748855991522e-183,4.271376856597525e-92,2.5637172274238197e-179,8.133570223124933e-182,7.03971327770597e-180,3.7810818193750946e-182,2.2838856592714828e-11,3.28826807571683e-10,1.4684539110957098e-97,1.0912424590674303e-178,6.122131288076812e-179,4.4563461758371415e-90,0.9963519260435719,0.9035493844825129,1.0,0.9035493844825129,1.0,1.0,1.0,1.0,1.0,1.0,1.0,1.0,0.9035493844825129,0.808492839097795,2.5457969069353703e-06
pmd016,0.00022996676818804078,0.20400757737294337,1.0965147202592315e-06,2.484736375694243e-07,1.0518682098300926e-187,1.0331897360264304e-07,5.796486612693343e-91,5.119217481667656e-93,4.822017401942205e-90,7.4698406410141e-92,1.4043986869221633e-15,3.237076318556475e-11,1.2399974291604134e-08,2.9288117647122347e-08,1.3278821540624565e-05,7.684480330145551e-06,3.0104598171458894e-05,0.0011151919496603714,1.5158092534517607e-11,8.705461078936403e-07,0.003301703385013373,7.205450744984852e-05,0.14205218016306742,2.3052090783245648e-185,9.197254327018037e-62,4.2122154863218676e-95,3.760418008062428e-09,0.024291018390123695,0.7261925870605073,3.017244055951233e-12,6.682225333035665e-09,3.3621363362729474e-16,3.479195450399436e-05,0.0011934945866366317,4.5751823687851506e-08,1.9386868887617328e-08,4.3278075403460395e-10,0.02852685313256202,0.005924935399288288,3.8575074324741464e-07,8.872289809161366e-07,6.900851906553396e-11,4.2090954620209565e-93,1.6717088370746666e-206,,7.365632563304232e-203,1.3598350616975406e-19,3.351294084064877e-200,1.6981004473875396e-190,2.8466336144642306e-184,3.754926364840322e-182,2.4002105704872572e-18,5.59930466678418e-181,3.4510072926757622e-183,2.6824131688929296e-181,3.911517132336e-192,5.6419678540064097e-179,1.4474316920950713e-178,3.5533891276876405e-181,9.334646746841162e-179,6.849636893066282e-185,5.143746683285671e-184,2.6673317197503692e-09,1.0263518577108852e-93,2.196268654547319e-189,1.5780286932911012e-184,3.8425904153121166e-98,2.791484665557447e-182,3.704975561077758e-181,3.2184830130666696e-183,0.32375178366803414,0.001042349267278247,8.935937906000949e-92,1.1213394656503857e-178,1.9949058975821994e-89,1.4025299504048019e-92,1.773414612141763e-182,1.988952769320779e-89,1.1369962348761858e-92,7.774844346582965e-89,2.449699712120509e-180,0.0824681853679639,0.7774345931495146,0.01516347211752029,0.16777773423787065,0.868164706189738,1.0,1.0,0.5612097266484397,0.16777773423787065,0.7790280807038878,0.3143401988690216,0.868164706189738,0.7335606189384191,0.9383816837728065,0.005239885355792121,0.9744838969252655,0.01019675380872498,0.1535990105123618,0.00698772338559002,0.868164706189738,0.1713479394529681,2.9677884213604736e-180,1.6883847579838427e-91,1.3559935561694766e-178,6.61049548574594e-181,3.771334619378493e-179,5.24061775029367e-181,4.2372104877850025e-10,1.1270510284752738e-06,3.664100078425516e-98,1.286278338832909e-178,5.965494769635792e-180,2.761325499925099e-91,0.7917253083595931,0.868164706189738,1.0,0.868164706189738,1.0,1.0,1.0,1.0,1.0,1.0,1.0,1.0,0.868164706189738,0.44339980068609064,3.5100642110795592e-06
pmd017,0.0003374732471549405,0.820407549681895,4.916069167347756e-05,4.102530127988351e-06,4.350041171583491e-183,1.8582836331975547e-08,1.2850720119640375e-94,1.8077995253460148e-94,4.288254213639829e-91,2.7054602394731146e-93,1.570146765215628e-11,8.761078376590992e-06,4.490604879726538e-05,0.005401667599276194,0.0003131862938631729,0.0019576340998319827,0.5242238033835978,0.13622511106979324,1.374429752325284e-07,0.008977351828454095,3.8139795227734985e-06,0.017273543618306377,0.0765868492889426,1.8370504583357277e-182,3.0100916475804076e-60,3.1398263659121357e-90,0.0016073052329708289,0.08644717391454922,0.17399004797015627,8.519666279099818e-09,9.584892311694545e-14,7.253250759430389e-07,1.4536839365064627e-07,0.046210467503867265,2.3083872221072958e-05,5.613719731497241e-18,1.2169784630957246e-16,0.00015350982689563687,1.2080526636393735e-16,8.116825750877603e-09,6.035607700248087e-14,3.843570875911371e-15,3.9216267566886615e-101,1.0800436426024098e-193,7.365632563304232e-203,,8.18311560119618e-20,8.24149707384295e-205,6.919940767718642e-187,1.3098272151511617e-180,2.1209747131282112e-179,1.4356845022386327e-15,3.1618502348766983e-180,6.702375879001167e-181,9.382877641510336e-185,2.4845526359826676e-182,1.630261909201588e-185,7.814661688950671e-179,3.5533891276876405e-181,3.79512252044728e-179,4.395493898358472e-186,8.91900527582266e-182,1.2891581924874214e-08,3.442029187574561e-92,2.8356818651120634e-187,1.896360214229749e-181,7.019164319879256e-96,3.738873044092967e-187,4.206509130603616e-181,3.69082097342492e-184,0.06285620102808234,0.004206862041303001,1.1530403139733096e-90,3.3841870335106764e-179,1.542565380328902e-88,9.949757935531037e-94,1.794036641063736e-179,1.6463443684709508e-90,3.351598914140886e-92,4.415649738134188e-90,1.0095039580449383e-178,0.08108244416205698,0.5485300409154729,0.04238970180824576,0.9330827130488345,0.025747863802038404,1.0,1.0,0.5246568439350241,0.9330827130488345,0.0064971183464798115,0.02254792534238685,0.025747863802038404,0.9255131536467458,0.8977589432575207,0.19813815397503115,0.8377382923139582,0.33882263109807403,0.00011492750773800025,0.004222879653689233,0.9330827130488345,0.8119746307304383,1.8164931501464975e-180,1.1861135822620392e-89,5.9427422028291035e-179,3.3907963537729065e-179,1.2891088733445978e-180,1.0371108128066507e-180,4.2952106387887677e-07,6.325376690621881e-07,3.238124151344393e-96,1.4727506285198052e-178,5.834224203683401e-180,3.7088334375718864e-89,0.9374973526735731,0.025747863802038404,1.0,0.9330827130488345,1.0,1.0,1.0,1.0,1.0,1.0,1.0,1.0,0.9330827130488345,0.5807086035659128,3.4320572923745366e-06
pmd018,0.9204001341371093,0.9509787047211692,0.0001550307021169531,1.062653899543809e-07,5.287161016694238e-07,0.004524113236153092,0.0024664847778870028,0.0013139426888888694,0.6763326099351051,0.029432565226726916,2.5746572529348667e-13,0.00013659968537925113,4.5019009538853364e-08,0.0057028311127515895,0.00021411090518865832,0.0005950309961520043,0.07726810936527863,0.004317065174712143,6.516399185391721e-05,0.005918913131087726,1.1014618380863483e-05,0.00962616306032996,0.25583417745839515,7.235831419752878e-06,0.018210466970817754,0.00039969574523072217,0.012584774750811543,0.37499044234516266,0.005258790181820459,1.8809140259250936e-07,9.70460743741884e-13,8.251881170285201e-14,0.0015363334108478039,0.004544722308143105,1.6761604985183228e-05,2.071534464885405e-09,5.1088425837830335e-14,0.008711523257182276,0.00016968832817266667,1.922645452745255e-13,3.19931499903299e-08,1.016870363015064e-09,1.2752815851012196e-07,2.281579505773255e-13,1.3598350616975406e-19,8.18311560119618e-20,,4.2654953457563844e-20,1.1604956533974772e-08,1.0267093576467666e-07,0.3298342944287813,8.528851906907808e-10,0.0038538584827525553,0.0004015721873112842,0.028433258473931015,0.00018033899633531665,0.41400032593767366,0.0134494511029634,0.8572797963762016,0.47299256698051173,3.225505590585601e-48,1.3817360079764937e-24,1.4697780202143416e-32,4.591081611582522e-12,7.505504680563096e-29,7.318965264409425e-23,2.13771890508586e-16,8.704602687334544e-19,3.511253821861945e-09,1.525578184974284e-20,0.0007612425454298862,9.536301795003249e-15,3.806625633427855e-13,1.1772936024728888e-06,0.029158926277881653,5.908108992513288e-10,4.8095247163880855e-08,5.936462362470557e-08,4.861907796088927e-11,3.467769574545492e-05,3.299205420781448e-06,0.001884139832435462,0.040606505610146504,0.020057236786462342,0.8572797963762016,0.8572797963762016,1.0,1.0,0.38332994775289786,1.0,0.09633578062281786,0.009516168456450348,1.0,0.5136571943723751,0.021899313269563226,0.08007935783626578,0.15719341278919788,0.0007677901765749283,0.0024676232214229906,0.18864191316152196,0.8572797963762016,1.0,1.800694521961632e-06,5.181989019665528e-07,6.338489037290164e-05,4.298619201699074e-08,0.0007429084839297975,3.6706662923032813e-07,1.8479277870094442e-13,1.185141210979249e-09,7.218600039700276e-07,0.04350073850380004,1.4604190851414387e-05,6.41856316183729e-05,0.41964245963457425,1.0,1.0,1.0,1.0,1.0,1.0,1.0,1.0,1.0,1.0,1.0,0.8572797963762016,0.8973516475915274,0.11265401930704602
pmd019,6.949273004800636e-05,0.48791013573426967,1.8879918493595154e-08,1.4353366249816656e-07,4.393613479459466e-188,3.993543085738774e-12,1.9306681687385887e-94,3.646415111316686e-99,6.858092409815562e-92,2.082429597708039e-95,5.792905218319673e-18,3.2563768689740846e-13,5.233883066828253e-10,8.650180072023551e-08,0.020563828337884844,1.646926501424299e-08,0.0010894827695572958,0.060140926635323305,1.3233874190382594e-09,0.0002020967309112044,6.781878949895965e-05,0.0006209379874012632,0.20887136371640574,2.967115115059968e-187,9.374724735986383e-62,1.7528638291486184e-94,8.510068480981971e-06,0.06213753495751763,0.6072775413140519,1.3796625456114875e-15,5.251893122681093e-15,1.968310613434312e-16,2.218849219431399e-05,0.0017271618633439285,7.147692234676789e-09,3.0549263526474165e-16,2.0519365526301556e-16,7.955209563094089e-08,9.199991706381495e-08,5.407111661420809e-08,1.5065226098244728e-16,1.1019529723300744e-18,4.675218552683281e-102,6.96423140545635e-199,3.351294084064877e-200,8.24149707384295e-205,4.2654953457563844e-20,,1.5250262505479008e-186,2.6334720087378777e-182,1.4084077941624852e-179,3.91635272515243e-15,1.91071889585383e-180,7.450968217437733e-181,1.1550093852290062e-180,6.639784722258296e-187,2.5404327268324905e-179,3.626336263343347e-179,3.553389127687843e-181,6.853946908261684e-180,7.704080806681755e-187,7.727854593367795e-186,8.8910232454984e-12,1.544705591862216e-92,3.7356560472306336e-188,2.7981188081587673e-184,8.007055430290009e-98,1.2227512458548405e-190,8.519310595778165e-181,1.5278646814430503e-187,0.5739827011524397,0.02652088314363628,1.7042591446144179e-90,4.759708877809979e-179,8.565301990400767e-89,8.066569631454589e-91,1.5079662759644246e-179,1.0650647647481857e-90,1.169635490419219e-90,2.092295003858175e-89,1.2926134980415425e-178,0.5752009463087744,0.9543461155685308,0.2873805498788783,0.21467796098959022,0.8487969424506299,1.0,1.0,0.9947597588049735,0.8487969424506299,0.33564795247967866,0.7918799090346695,0.8487969424506299,0.865326305160512,0.9827600767090303,0.033224009851126016,0.9784861884535094,0.021966107341911466,0.7826952271132219,0.18132934904328205,0.8487969424506299,0.2364216164989662,1.3222755717422007e-180,1.0264181250807236e-89,3.3851229015742428e-180,9.184312112604025e-180,1.2352758179779373e-180,9.019528525594886e-182,1.254192349111805e-09,7.727123367930603e-07,5.2192695789761174e-98,5.168520055189482e-179,2.031654998772191e-180,3.152212615723017e-89,0.8792018916924228,0.8487969424506299,1.0,0.8487969424506299,1.0,1.0,1.0,1.0,1.0,1.0,1.0,1.0,0.8487969424506299,0.5867946193395828,1.3674383330184957e-06
pmd020,3.5989001683794614e-05,0.8562319885150861,2.4757684105725585e-08,0.0004763047225636725,1.4142589356902379e-180,0.00011785677821767931,9.127824867204913e-93,7.217386304203821e-93,1.655655342518831e-89,1.7721734720668766e-93,1.6486618623470915e-07,4.132476201224824e-05,2.473110219214962e-07,0.00016128322574846877,3.094973745027325e-08,7.776720585702296e-06,5.760440518935289e-06,0.002125443275105615,5.6222548940513364e-09,2.591640858877655e-06,1.9002645847617603e-06,3.1680643237630865e-06,0.008827605163300917,2.372860329055682e-189,2.275793467484169e-62,1.2994497693763245e-94,0.0005069528588296926,0.06790059446230493,0.2728767439411573,3.6665793996099485e-13,1.18366592442131e-10,8.985305036715211e-14,0.00015736339401710366,0.0017204828879434793,0.0473457218486665,5.678488865136632e-07,2.426680937263819e-12,0.06643241896762565,1.1384790677713495e-06,1.94820341308571e-10,5.482113603377223e-10,5.064456207934998e-08,8.651913628349091e-98,2.845618107933686e-189,1.6981004473875396e-190,6.919940767718642e-187,1.1604956533974772e-08,1.5250262505479008e-186,,3.2330451999930483e-186,3.3247249825118923e-180,5.008135075674887e-19,6.928363025355893e-182,5.583506970809809e-181,1.152796316064736e-185,1.5087938095718943e-185,1.0477855701542267e-180,1.4740974861967855e-178,3.5533891276876405e-181,9.059742290846952e-180,4.27223717327986e-183,8.680133669871097e-182,2.0499990654448636e-06,5.019594569856145e-91,2.831932037694391e-182,1.4389041637543466e-180,3.6995968969239996e-92,3.178667190627428e-181,1.177828907866113e-187,1.3111628582454747e-181,0.05817048779510015,0.001369832229845396,1.7802496369952264e-93,1.9971075297897096e-181,7.556604824080826e-93,3.8546905313339284e-94,4.834534615697091e-187,1.2380023423743111e-92,4.720640241310461e-91,1.7731205255611644e-91,3.7758342474234814e-179,0.008253727844477077,0.005090861038853113,0.00011364232711133098,0.24685757697744157,0.8350617204706079,1.0,1.0,0.7694781096089794,0.24685757697744157,0.11674291901990634,0.0007003701204796344,0.8350617204706079,0.6039158605091973,0.9269994341104969,0.00034838498730735016,0.10035725463305,0.010537156364204388,0.05534551270463556,0.9456402181399247,0.8350617204706079,0.014891444380615881,1.000270979454168e-181,1.9070507706006672e-94,1.7220398763525862e-182,2.5059283219582814e-181,1.8683092734886743e-179,8.680133669871097e-182,1.570078276968452e-06,5.704497933088733e-06,2.9710125860945654e-95,7.86413841488822e-179,2.2433062103740474e-179,1.1227714852000924e-90,0.9241970485521027,0.8350617204706079,1.0,0.8350617204706079,1.0,1.0,1.0,1.0,1.0,1.0,1.0,1.0,0.8350617204706079,0.030032855572156972,1.9150146380775694e-06
pmd021,6.854561530284463e-05,0.5076183701809783,0.08384761072817677,1.690415430778029e-05,1.8956166537795647e-180,0.00074954602707146,2.1213772262530923e-90,1.2393011422060262e-88,1.459352285621049e-88,1.5884613538876024e-89,0.015279362396155653,0.9732076217668093,0.2651208191635258,0.9680249742263807,0.1193767487894163,0.4579401270394782,0.7036600893404354,0.30516899684725546,3.6616520144442135e-06,0.15822079026892594,0.11786470035286226,0.3956258638248409,0.600163190780585,8.704729479682884e-179,1.265572642504089e-58,8.793463348065287e-90,0.5606236601872298,0.09147177584297408,0.6286212358091167,0.05943163740115535,4.696361988353008e-05,0.008285230658472297,0.000795548792847244,0.05611480276064634,0.0022358133289786543,0.1350362339320611,2.254354271912916e-06,0.7620917358528324,0.4046830533950082,0.00629083999511827,0.07633568258762703,0.4897517270255306,1.0367644746484074e-90,3.5665154328762456e-181,2.8466336144642306e-184,1.3098272151511617e-180,1.0267093576467666e-07,2.6334720087378777e-182,3.2330451999930483e-186,,5.3283531661585356e-188,0.00023664570998283355,1.3674105689697098e-178,2.1011312579745693e-181,2.149169172576028e-183,7.618532061680442e-182,3.0087085666449316e-180,1.27220892387184e-178,3.5533891276876405e-181,1.425449928425174e-178,1.6631086234566257e-181,6.007772664961331e-181,0.016477581770343294,6.2337536578839555e-89,9.15949948420736e-183,5.645273016361533e-181,1.764857176910891e-90,6.55815460726274e-181,2.1692346696000106e-181,4.1589985870495114e-181,0.06149886849933449,0.039478196977787906,1.489581210078904e-89,6.732831007450555e-180,1.1535377471039204e-88,2.247089931256879e-89,5.1983242340030225e-179,1.2915101750171244e-88,7.44696344924167e-89,1.0627543566535777e-89,1.419921108103632e-181,0.09748696452044049,0.09645429988956873,0.014363039604090426,0.9807885937808284,1.567412578401377e-06,1.0,1.0,0.39800484379499906,0.9807885937808284,0.7246679669025422,0.9679926293235379,0.9807885937808284,0.7235955587775869,0.9923418453252552,0.0002963459781346608,0.7289333104576232,0.07624878428660593,0.24571445764829025,0.9071373469371962,0.9807885937808284,0.9433333136996204,1.1689258794030473e-180,1.7347935348056775e-92,2.6740302550253335e-180,2.3290747885723556e-180,1.0110032185712484e-178,6.442526230158655e-180,0.0011001358736784667,0.0031595271251678306,1.6065553631006994e-89,1.247103391897598e-178,2.4755663435751047e-179,3.17584122584684e-94,0.8895002822657849,0.9807885937808284,1.0,0.9807885937808284,1.0,1.0,1.0,1.0,1.0,1.0,1.0,1.0,0.9807885937808284,0.5511489479678764,3.70363520445967e-06
pmd022,3.6990068891020536e-05,0.6238675340537356,0.3050034925352219,0.43140288403667426,1.1434170484111508e-178,0.0006058040763877184,2.6642590298290744e-89,8.32118082386428e-89,7.824796598574274e-89,1.0097679160277107e-89,0.34981754135546217,0.5526233618785075,0.6264337079671614,0.44628548174305727,0.4951264640668974,0.9851784788785753,0.8954217264480436,0.24250111037574945,0.00016791731890969554,0.053828599174047656,0.6264337079671614,0.570841667370321,0.5624551275475047,7.99356417104875e-179,1.3551345200982258e-58,4.546155927513122e-89,0.6549608701903118,0.08479920902741035,0.23720337539908554,0.016183651537374097,0.006998116819980286,0.015308975284522743,0.03697892766432101,0.8349918460850121,0.6376482074524964,0.6287653644179619,0.00188616191524118,0.6524332217190569,0.8682201787191135,0.2644957412717684,0.30420161326975176,0.32979159303258604,9.13397339049543e-90,7.908914190896812e-184,3.754926364840322e-182,2.1209747131282112e-179,0.3298342944287813,1.4084077941624852e-179,3.3247249825118923e-180,5.3283531661585356e-188,,3.079371072076519e-05,4.525057520195504e-180,8.074294773626672e-179,4.579387506423396e-179,7.424103035907397e-180,1.4002067333918744e-178,1.415963726941219e-178,3.5533891276876405e-181,1.4638317294493818e-178,1.1378595265155855e-179,3.3667251948535064e-179,0.2614686314655752,1.4257326617887608e-88,1.2647174626298588e-178,1.4306392696816377e-178,5.45273519745477e-89,1.9251956685988904e-180,8.49336458628353e-180,2.6574388738871276e-179,0.25875641877365835,0.011928198292499794,8.634374326771968e-89,7.461430692291835e-180,1.585366732388818e-88,4.849332634703922e-90,3.774886114048575e-179,1.3567357880909202e-88,4.137645466785945e-90,1.4837815204675994e-88,9.689000529214552e-182,0.36311231289713863,0.9169311314384401,0.8273339416100496,0.9939210803599201,0.9939210803599201,1.0,1.0,0.951995789752143,0.9939210803599201,0.832336112161769,0.8658355275836991,0.9939210803599201,0.06724363368063944,0.9682105397073694,0.8855462340597332,0.8111637015532378,0.16108521955818644,0.8058175521803814,0.9698295001228707,0.9939210803599201,0.9818304935132925,3.5946451624434214e-179,1.2534219833434478e-90,7.585994068812652e-179,1.2532175820332036e-178,2.9135661072287554e-179,9.097691611656082e-179,0.03803408584287343,0.14967547293522881,2.018145194336348e-89,1.1680076699843147e-178,1.4685741055135415e-178,5.93168198850927e-89,0.9638625715194885,0.9939210803599201,1.0,0.9939210803599201,1.0,1.0,1.0,1.0,1.0,1.0,1.0,1.0,0.9939210803599201,0.008225210223978392,3.141469051289205e-06
pmd035,0.032484994627537706,0.01435032361453974,2.206575623924388e-08,2.3258835474780404e-12,0.018702545409687025,0.1270730463924814,0.00417504592834329,0.0004750272087166484,0.9447300289072997,0.0001704438197743464,4.970850657107489e-18,1.7501768224933896e-12,1.877026541893189e-07,2.257018357669216e-05,4.513654166392884e-12,1.0434413151227112e-07,0.000551140240996175,6.865937166959272e-07,4.122842058074034e-06,2.1497056978431435e-13,1.4279907013385934e-07,9.503098406271327e-07,0.3271335445795562,4.692037836292121e-08,8.068324540889915e-06,3.841770813923897e-09,6.867430083160957e-13,0.6712958123469028,0.2018755853190793,1.6140633966305683e-31,8.469959623409472e-41,6.4549258302445844e-21,1.541688527837337e-10,6.476019294756549e-05,1.1310147792610812e-09,2.784191189899736e-13,9.007738425678215e-23,2.9715781857911512e-06,1.0161706048246638e-20,4.664858186028049e-13,1.788337044140302e-25,1.5548594235836343e-18,2.3199977833472527e-13,5.6741799456662e-17,2.4002105704872572e-18,1.4356845022386327e-15,8.528851906907808e-10,3.91635272515243e-15,5.008135075674887e-19,0.00023664570998283355,3.079371072076519e-05,,0.1869596249664028,0.06462985766865623,0.00018682644191835701,1.145493054792048e-07,0.0012194235275694535,0.903544725099197,0.9814286694213711,0.009435028485616953,0.00029486042029188775,0.00026813238834493783,0.00021800339033757848,0.014774203164254091,1.942326483342691e-05,0.04489308897384781,0.0122583825574378,0.0001837219634516103,0.0003708401149639576,6.477793833886693e-05,0.11199011262601055,0.00019705050609625992,0.14263982860564162,0.13014754522710598,0.2826463747235185,2.340939545160077e-05,0.1697785709239601,0.030830818121108258,0.0016281304608268422,0.13615006646749073,0.6749610359253648,0.5781683387477459,0.8904324761619498,0.012339843381030809,0.04921846804573497,0.9814286694213711,1.0,1.0,0.6311512618452453,0.04921846804573497,0.09222020735663357,0.03174809152126237,0.9814286694213711,0.5327162469795588,1.4275506338645461e-176,0.044322156004689944,0.26487432784643705,0.49726320328198204,0.958368274962096,0.2393245174335215,0.9814286694213711,0.02659758608473785,0.08548109795287658,0.04911343885272072,0.49730562746522,0.35477319209504504,0.07281683459294268,0.07071482245217671,2.4981549147664456e-10,3.7266742656457346e-05,2.6349683319049858e-92,0.2788516123976267,0.006130424244812411,0.040729636859387665,0.9456494791451636,0.9814286694213711,1.0,0.9814286694213711,1.0,1.0,1.0,1.0,1.0,1.0,1.0,1.0,0.9814286694213711,0.013917120991018215,0.8831597441720543
psz001,0.0003081218436907716,0.29500936354026414,0.0028463619011028043,0.434616419040485,1.0116646897337455e-178,9.412067219460217e-05,1.192883517499191e-88,1.7943437339548165e-89,1.3426015190494472e-88,9.017328266383632e-91,0.22325875203088966,0.12474011676509986,0.3009413428147905,0.6424644813854175,0.007816507753995219,0.10030002600384985,0.32678113826483557,0.7592389187470561,4.8523526751878054e-05,0.3471446495684926,0.0004537830716100867,0.030474770820746993,0.31108681097092195,6.921475726149026e-179,1.2662797931735573e-58,4.82711314258593e-89,0.854370500192715,0.04960648170209879,0.3781926922159522,0.004056848657173907,0.4032243728920425,0.02106790868763532,0.002204895858054007,0.019301764707076122,0.012748793374177477,0.0016290274651527838,0.0029874273075099034,0.00537563068139088,0.07071970008103222,0.0031422129215356626,0.0034412976473940224,0.01582266355140871,3.031568719973274e-92,6.787862762654746e-181,5.59930466678418e-181,3.1618502348766983e-180,0.0038538584827525553,1.91071889585383e-180,6.928363025355893e-182,1.3674105689697098e-178,4.525057520195504e-180,0.1869596249664028,,1.9551999308453163e-187,4.766501223543916e-179,5.2851898244968576e-180,6.528734900853677e-179,2.151378885386551e-180,3.553389127687843e-181,3.912155507948421e-183,2.57985985353268e-182,6.50130309492878e-179,0.28583479258428995,9.422572164897718e-90,1.0066450603218954e-178,1.4428162571802755e-178,8.272134407381739e-89,2.905493519332388e-179,2.2580149721678118e-179,8.473727462241437e-180,0.07559430664243001,0.11798221399888952,3.572332051371676e-90,9.638157411920996e-180,3.3011974613490445e-89,6.236358815241556e-90,1.1781924581795169e-178,1.4494169198782001e-89,8.798170779310444e-90,1.4887229327822015e-90,6.672599854220981e-179,0.771270518433046,0.7468639482075521,0.5599817462573825,0.9529326494129963,0.9529326494129963,1.0,1.0,0.6777553747804936,0.9529326494129963,0.8014838484518824,0.985844757408658,0.9529326494129963,0.5294386771279666,0.990894924286141,0.7603227093726113,0.4904050178829992,0.37521906962146734,0.16126349422172764,0.6631675127236065,0.9529326494129963,0.31390504958179305,1.381858054167652e-179,3.267081510714893e-89,7.279601599147271e-179,1.4633455941854368e-178,9.89761795201872e-181,6.50130309492878e-179,0.0026225785077416226,0.2602957586250226,3.272205806188669e-89,5.680639288609852e-180,4.079410483981634e-179,1.4052048982453518e-88,0.7475011545875998,0.9529326494129963,1.0,0.9529326494129963,1.0,1.0,1.0,1.0,1.0,1.0,1.0,1.0,0.9529326494129963,0.06063459500484455,3.3822902299335496e-06
psz002,0.00024164746325786406,0.4579398454447282,0.019162582226555366,0.1695640573791734,2.032794628498873e-179,0.0013406508159171011,5.3309785541256985e-90,1.7731888038889146e-89,1.3665734321384139e-88,7.498584109263424e-91,0.005274356793717875,0.018426130188167376,0.2530375697728752,0.07417661301589444,0.24757614107263223,0.06752439988681248,0.5427513599018539,0.013145831066867491,0.0001275110270169117,0.5589786516458519,0.003424760759592843,0.2245344747370222,0.4252780155351169,8.389130041084889e-182,1.338291756980634e-58,5.722069687524536e-90,0.6866863870788287,0.08715609573638722,0.7549303712658295,0.28776584346445383,0.09870733770580381,0.2947868137699913,0.0018870898009901859,0.27635479402726215,0.5777373741535421,0.047439604385378545,0.00214899786949536,0.32160580028328345,0.19224336125009026,0.1526136928798034,0.014414747086151824,0.18037545914978853,4.348951518382306e-92,1.5411103006077932e-179,3.4510072926757622e-183,6.702375879001167e-181,0.0004015721873112842,7.450968217437733e-181,5.583506970809809e-181,2.1011312579745693e-181,8.074294773626672e-179,0.06462985766865623,1.9551999308453163e-187,,3.9804333552829554e-185,8.563247729591035e-185,4.940376495332134e-180,6.86788196539606e-179,3.5533891276876405e-181,5.724393870181491e-181,2.5683802137495753e-182,9.994527734736058e-183,0.03154784741430236,2.1867166116723603e-90,4.2194583327624056e-179,7.927110100453159e-181,1.8412093066446664e-90,1.789347332222872e-181,3.725085966890829e-180,6.527306763480092e-180,0.3048601390830962,0.1141089526299507,1.1934026751196087e-90,6.762574050588948e-179,6.160817532305893e-89,1.179561082795521e-88,1.3123873734287118e-178,1.4073895765789564e-88,7.855533345670973e-90,5.0704205610934365e-89,2.7501130419166678e-179,0.7906074241390155,0.82213732383817,0.965026744202684,5.5291500554962335e-06,0.9788707317991301,1.0,1.0,0.8417277867327533,0.9788707317991301,0.8151914332197367,0.07696042968758106,0.9788707317991301,0.7545025330019852,0.9967042493013034,0.9082042750989596,0.9408305173864064,0.12795999379432987,0.8267093364741941,0.18329722943761245,0.9788707317991301,0.9377969636693171,1.3856705366189942e-178,1.476323122350865e-88,1.3725613460228983e-178,4.008988435254716e-179,1.261897427972196e-178,7.610946330735887e-180,0.052914657448433815,0.01738292958782522,4.841685799308393e-90,1.1657147977417362e-178,8.661197858102872e-179,6.920179895036172e-89,0.87905247214418,0.9788707317991301,1.0,0.9788707317991301,1.0,1.0,1.0,1.0,1.0,1.0,1.0,1.0,0.9788707317991301,5.245415428261249e-05,1.951676809748721e-06
psz009,0.00032453454296132295,0.8646513013368039,0.005983095256371624,0.0003657071562386528,1.8681886338686664e-180,0.000701942728549894,5.374569226169192e-93,2.4435187560593024e-89,6.307904879707252e-89,2.476853781813844e-89,0.01990004183036346,0.001970671322991919,0.2188362319255688,0.21507295635620538,8.580503617751264e-06,0.0004989643091385465,0.00012913485881962716,0.08237543023402805,2.0570266974199527e-06,7.130934788865765e-06,0.0007564476368846213,0.2542436726870465,0.015604200236153496,2.0306195049733418e-181,3.101110866565569e-59,3.5972842057504732e-90,0.3412531236454247,0.07759591235745843,0.1741667663367024,0.0010238200967914127,0.013758136748340392,0.0021096627704344246,3.5644146371412976e-05,0.07322949439457371,0.0005078496804074437,3.3099071231213496e-05,0.0009634171713642848,0.14811160655266353,0.5294585172291557,0.0029331855378171654,0.03235704798421058,0.0411167941132501,3.9331217422035586e-95,3.47329560888724e-181,2.6824131688929296e-181,9.382877641510336e-185,0.028433258473931015,1.1550093852290062e-180,1.152796316064736e-185,2.149169172576028e-183,4.579387506423396e-179,0.00018682644191835701,4.766501223543916e-179,3.9804333552829554e-185,,8.832956724391555e-184,1.3457411776418788e-184,9.059713202760003e-182,3.5533891276876405e-181,3.718298166484282e-182,8.104476872822506e-180,8.025298760809067e-180,0.10141908980969808,1.1108246761017328e-91,5.41592826966145e-180,9.967228974183586e-182,2.181298867567111e-93,1.5191842093148058e-179,1.566642754659947e-181,6.823641442327358e-181,0.07555923085169239,0.10373422952965367,5.581841041544053e-89,5.00071394647658e-179,1.4533852586220077e-89,3.500461608687191e-89,8.782888564009032e-179,1.478934933536139e-88,6.459692878542135e-89,8.66289575971592e-89,1.0995661994748141e-178,0.755033490008671,0.8091703982579571,0.0015490787790797618,0.9852224714186768,0.9852224714186768,1.0,1.0,0.24039953429761943,0.9852224714186768,0.10507038245779594,0.8838073607388093,0.9852224714186768,0.821699361610011,0.853078706674196,0.032697127135909165,0.599896171460162,0.01220060723490366,0.5173943537346612,0.9279295179767181,0.9852224714186768,0.956216148575886,1.3629357739459684e-178,2.6149546079516923e-92,3.793012816439576e-180,1.4410824366731406e-179,9.29261903235401e-182,2.355080565907653e-180,6.048873048893997e-06,0.00020956510845673216,1.402394712933316e-91,1.2313530808881668e-178,1.2959015801340097e-178,2.690958674773898e-89,0.914051650513696,0.9852224714186768,1.0,0.9852224714186768,1.0,1.0,1.0,1.0,1.0,1.0,1.0,1.0,0.9852224714186768,0.0003116077310109478,3.684351478507227e-06
psz010,0.00026192150368676084,0.2675944646784333,0.00917287635748519,0.1425391904875206,3.942858724457221e-181,8.657394402447632e-05,2.3973949958721302e-91,1.4088736623767252e-90,4.048794007329644e-89,3.8580548483279606e-90,0.000550949423651698,0.00012639512266043136,5.662890109048687e-05,0.0003254460072727694,5.14435799433786e-06,3.540405666310889e-05,0.012319880950981561,0.00838297967507636,1.2077915960530276e-05,0.35790365736641355,0.004818282715328036,0.20121587649335407,0.03423821807122037,5.9797473749984626e-182,2.791358608327583e-60,3.916807198521135e-91,0.001301304082895652,0.032505178968118886,0.7431972811419776,0.0002495316326452034,7.959680728886095e-05,1.2497246922816368e-06,0.0010889145876494717,0.031311475950271776,2.0579717352737417e-05,8.040499991034024e-09,2.2301067150832534e-08,0.007300282660817586,0.015466576330868422,0.3438234871844468,3.0384212363329003e-07,4.368796496496129e-06,1.455759425192902e-96,1.1214660679498142e-184,3.911517132336e-192,2.4845526359826676e-182,0.00018033899633531665,6.639784722258296e-187,1.5087938095718943e-185,7.618532061680442e-182,7.424103035907397e-180,1.145493054792048e-07,5.2851898244968576e-180,8.563247729591035e-185,8.832956724391555e-184,,4.7184112828389507e-185,2.8810046381330183e-184,3.5533891276876405e-181,2.2021141564668666e-179,2.7621698520824466e-180,6.684873568765541e-181,0.007149308747520497,2.3008804622368616e-91,2.3866111140305055e-182,3.1554523671561984e-179,1.211075613450567e-90,9.422069825892195e-181,2.7748493950643286e-179,2.311157844943185e-180,0.5548215047051261,0.45820037451467865,5.0165041806176266e-89,9.620676129248654e-179,2.427970380481545e-89,7.670431613071787e-90,2.2877866610694556e-180,3.929789113542939e-90,5.331464574298472e-90,1.5524834079490918e-88,1.2488164759539885e-178,0.8932550302948442,0.8214166136721495,0.13446323961727472,0.008520945240193412,0.9480704279719196,1.0,1.0,0.02518982904021224,0.9480704279719196,0.0010493045265095502,0.12645658456140416,0.9480704279719196,0.7617333233009196,0.006225548344790705,0.00716880290641639,0.5196329674812463,0.0010493045265095502,0.5621731131791057,0.7649661915759883,0.9480704279719196,0.3699314081603301,9.535569488304747e-179,5.9142670747064624e-92,1.5408335931533147e-180,1.6646142673548076e-180,1.0183622613544399e-182,1.5149288498545822e-180,0.00022555518806670888,1.4646353300709447e-06,2.5399735485652004e-96,1.2442639407425408e-181,2.546555873065696e-180,1.9936949812024616e-94,0.1358630858867046,0.9480704279719196,1.0,0.9480704279719196,1.0,1.0,1.0,1.0,1.0,1.0,1.0,1.0,0.9480704279719196,0.003940865775638171,3.0284312151191605e-06
psz011,0.0002883337764893432,0.34622738149086074,0.11933097364129334,0.5692833500535405,1.3653394072221357e-178,0.00036323445676551884,3.9165465482820595e-89,1.5752992568092204e-89,1.1253161964369039e-88,7.537601105637067e-89,0.5014984472878125,0.34854642545631953,0.09255015194579136,0.19676300152884002,0.9379772364519929,0.435620440594244,0.9386357307591919,0.5720205093913805,0.00025839184761590115,0.9959525468135617,0.753324033482012,0.5381436183228027,0.5003147857195642,3.153935944679325e-180,6.75109302558559e-59,6.21897594626982e-89,0.7490043160554269,0.08932993883092279,0.1841664600234079,0.0006746050954412514,0.0010889730505204646,0.044526018205715896,0.0015613441892938277,0.878314966629855,0.7261220111237157,0.013539717707297068,0.09419795239717851,0.24796391760769312,0.2805027960881493,0.3773826952446618,0.09066595636781848,0.10440305755305121,8.490198719271755e-91,1.6767422841765114e-181,5.6419678540064097e-179,1.630261909201588e-185,0.41400032593767366,2.5404327268324905e-179,1.0477855701542267e-180,3.0087085666449316e-180,1.4002067333918744e-178,0.0012194235275694535,6.528734900853677e-179,4.940376495332134e-180,1.3457411776418788e-184,4.7184112828389507e-185,,1.9606313926471546e-180,3.5533891276876405e-181,2.9649203720692593e-187,2.4994548475595273e-179,1.4791516485852073e-178,0.3814078822539118,1.5755498657041582e-88,9.331597685156152e-179,1.4786791019771232e-178,4.0971956366852985e-90,7.737580423467221e-179,5.545095101593255e-179,4.693088246079713e-179,0.6263685923097263,0.6950989977810424,1.3985480289750887e-88,1.4795179776357665e-178,8.738816596679477e-89,1.0716715554164444e-88,1.1911800871278297e-178,1.5208988611772764e-88,1.0243401711312747e-88,9.205825211099843e-89,1.1228200785657016e-178,0.9461167756712203,0.9089078742989799,0.8115933834719189,0.9933070997193171,0.9933070997193171,1.0,1.0,0.9472614644798487,0.9933070997193171,0.22312519681100987,0.8532867742478607,0.9933070997193171,0.9152290991170815,0.9652253958933281,0.9203456272008526,0.03243742488672478,0.6736471140897808,0.6244642444939177,0.9668232410127139,0.9933070997193171,0.9800076934982925,1.4788499173305345e-178,6.181313345885057e-89,1.4537686817589788e-178,8.814865985021079e-179,9.57151887704046e-180,1.1875828316268796e-178,0.27349304389673545,0.0809415735323192,4.106096763531006e-89,1.254910597340482e-178,8.27391910269929e-179,7.799271430272419e-89,0.9602740318919705,0.9933070997193171,1.0,0.9933070997193171,1.0,1.0,1.0,1.0,1.0,1.0,1.0,1.0,0.9933070997193171,0.01604151563198016,3.081490604695753e-06
psz012,0.00026583208491320166,0.1443568677988315,0.14493207510809591,0.28895438714743804,8.309078312225207e-179,0.0006947468097098599,9.008735218310516e-89,1.2046519657853391e-88,1.379352903643365e-88,1.242726584695328e-88,0.9241437312873413,0.9607753053311332,0.8729808142417828,0.3014533268973631,0.34427550451381433,0.020703784868467072,0.8276959255143443,0.745671832872929,0.00023585446662335437,0.8338018700501918,0.8729808142417828,0.512242880116867,0.47593787773568963,5.151462484276043e-179,1.3645289247589006e-58,1.1340549967128225e-88,0.16344805872396387,0.028816436132018192,0.5194871573956139,0.4899760581233249,0.03814319584245618,0.0036631886533890884,0.004657068662106221,0.7634167525003215,0.9300804778874886,0.019902415485912775,0.19881853320006262,0.006526990314329768,0.8134459269851498,0.024545658001376237,0.6924682053185958,0.22739406419507027,5.517256979656451e-89,6.036105392671802e-180,1.4474316920950713e-178,7.814661688950671e-179,0.0134494511029634,3.626336263343347e-179,1.4740974861967855e-178,1.27220892387184e-178,1.415963726941219e-178,0.903544725099197,2.151378885386551e-180,6.86788196539606e-179,9.059713202760003e-182,2.8810046381330183e-184,1.9606313926471546e-180,,3.5533891276876405e-181,1.4656353635032794e-178,2.1100074135388274e-179,1.7955985589991854e-179,0.5473988444983857,1.2442027272369801e-89,1.2756852450059324e-180,6.48585494169754e-179,3.444945944920171e-89,6.473357186902352e-180,1.338123962602403e-178,4.79733469237069e-179,0.38267882877901915,0.15492427164186137,1.2315560230417278e-88,1.832464122435481e-179,1.467276188310687e-88,1.5724521368923302e-88,1.4796745920593926e-178,1.5809122171402318e-88,1.5807518697932627e-88,5.207351267826042e-89,9.53220805883867e-179,0.6367892820817959,0.9250054326743898,0.8433403659194195,0.9945339452584688,0.9945339452584688,1.0,1.0,0.9567421713230557,0.9945339452584688,0.10628914961835174,0.87853762014993,0.9945339452584688,0.930252789465725,0.9106057373909523,0.688539693264332,0.8285088917832084,0.7703395044708645,0.823598811277964,0.9728377583433276,0.9945339452584688,0.9836522365044864,6.00646583087171e-179,1.3466438937421282e-89,1.2044753443884447e-179,1.2026518446133903e-180,1.6639974083646345e-179,1.3079964563099646e-178,0.07583961078805733,0.010907212760117855,9.25479226842139e-89,9.612411655640078e-180,1.4346480431128766e-178,1.2625783085524516e-88,0.967455741319402,0.9945339452584688,1.0,0.9945339452584688,1.0,1.0,1.0,1.0,1.0,1.0,1.0,1.0,0.9945339452584688,0.9990505895740402,3.202464716010057e-06
psz013,0.06101107947403388,1.0,0.6639169598992783,0.8825300797835082,3.5533891276876405e-181,5.033701032746859e-05,7.656421192084057e-91,7.65642119208384e-91,7.656421192084277e-91,7.656421192084277e-91,0.8369187692070906,0.7981951743200372,0.8585934425898185,0.8816990258877032,0.8766763903706368,0.8987973025312358,0.9345366591281451,1.0,1.544917698418083e-05,0.9338103976049266,0.8585934425898185,1.0,0.9932747441722651,3.5533891276876405e-181,9.889025554276818e-61,7.656421192084057e-91,1.0,0.3877431349283985,1.0,1.0,1.0,1.0,0.2777236340237846,1.0,1.0,1.0,0.5361562029599601,1.0,1.0,1.0,1.0,1.0,7.656421192084057e-91,3.5533891276876405e-181,3.5533891276876405e-181,3.5533891276876405e-181,0.8572797963762016,3.553389127687843e-181,3.5533891276876405e-181,3.5533891276876405e-181,3.5533891276876405e-181,0.9814286694213711,3.553389127687843e-181,3.5533891276876405e-181,3.5533891276876405e-181,3.5533891276876405e-181,3.5533891276876405e-181,3.5533891276876405e-181,,3.553389127687843e-181,3.5533891276876405e-181,3.5533891276876405e-181,0.9412901317853924,7.656421192084057e-91,3.553389127687843e-181,3.5533891276876405e-181,7.656421192084057e-91,3.553389127687843e-181,3.5533891276876405e-181,3.5533891276876405e-181,1.0,1.0,7.656421192084277e-91,3.5533891276876405e-181,7.656421192084057e-91,7.656421192084057e-91,3.5533891276876405e-181,7.656421192084277e-91,7.656421192084057e-91,7.656421192084277e-91,3.5533891276876405e-181,1.0,1.0,1.0,1.0,1.0,1.0,1.0,1.0,1.0,1.0,1.0,1.0,1.0,0.973052602025189,1.0,1.0,1.0,1.0,1.0,1.0,1.0,3.5533891276876405e-181,7.656421192084057e-91,3.5533891276876405e-181,3.5533891276876405e-181,3.5533891276876405e-181,3.5533891276876405e-181,1.0,1.0,7.656421192084057e-91,3.5533891276876405e-181,3.5533891276876405e-181,7.656421192084057e-91,1.0,1.0,1.0,1.0,1.0,1.0,1.0,1.0,1.0,1.0,1.0,1.0,1.0,0.9951456973374156,0.016403188418377908
psz014,0.0003192216832100271,0.026218952750211404,0.25819735208710665,0.8398663647408394,1.456538646484602e-178,0.0013675696368320375,4.441627948745044e-89,8.80628314284472e-89,1.589349334077073e-88,8.118790335568435e-91,0.19737184604569852,0.29521733667184197,0.13977175742843262,0.8447684079761026,0.09381203747264456,0.7930527091254604,0.004447099630281638,0.09221938157856455,0.000311669542127981,0.5735196607187165,0.13977175742843262,0.24231893484590003,0.6009756127117245,2.8316188050759697e-179,9.501563273891184e-59,5.916663248598345e-89,0.6380885622704353,0.07457160832255055,0.44048700558546583,0.6897557567594983,0.4119156471768406,0.1858737361906545,0.011475287524998695,0.4270366877548448,0.8043440559618279,0.026218952750211404,0.007868390189857011,0.2713193301930284,0.06226237706102031,0.5701514305717961,0.36802655460194533,0.38436896833475104,2.5444875101677332e-89,6.689630552743669e-179,9.334646746841162e-179,3.79512252044728e-179,0.47299256698051173,6.853946908261684e-180,9.059742290846952e-180,1.425449928425174e-178,1.4638317294493818e-178,0.009435028485616953,3.912155507948421e-183,5.724393870181491e-181,3.718298166484282e-182,2.2021141564668666e-179,2.9649203720692593e-187,1.4656353635032794e-178,3.553389127687843e-181,,3.4711182424905074e-179,9.730895722933905e-179,0.17482702618014528,1.5922176812220883e-88,1.350779684549004e-178,9.754513101129732e-179,1.091070132938807e-88,1.0439202339030463e-178,1.4696591041375181e-179,1.3761634992911032e-178,0.18752505160833594,0.6847338567593931,1.4968082492157782e-88,1.2128676218051817e-178,1.5633015194248884e-88,1.2377389112727449e-88,1.4799091358205022e-178,1.4547109973373204e-88,1.2162230022124843e-88,1.2906318995446124e-88,1.4011997528286296e-178,0.861268747810858,0.9745329737156113,0.9451767563792496,0.998187867052669,0.998187867052669,1.0,1.0,0.9854729202636975,0.998187867052669,0.8987956034948661,0.9580524789903015,0.998187867052669,0.9763589313372464,0.9968049665829435,0.07322000756556732,0.9396434146197875,0.8987956034948661,0.9377969636693171,0.9909285943875542,0.998187867052669,0.9945603747830317,1.4118408886413996e-178,5.48681867437567e-89,1.0152396481340373e-178,8.570544597665231e-179,2.948127004881619e-180,1.2094292702040294e-178,0.6914616955362454,0.6925180826285375,4.530429628268263e-89,1.391771563458116e-178,1.326142400864027e-178,1.3156289757342234e-88,0.9891111013602226,0.998187867052669,1.0,0.998187867052669,1.0,1.0,1.0,1.0,1.0,1.0,1.0,1.0,0.998187867052669,1.9129417438722436e-58,3.590625665709612e-06
pad001,0.0003367320990314784,0.31050839566205446,0.03838089030965709,0.0027923028833025665,8.139408599482988e-185,2.417687871990759e-05,2.1943830587250936e-90,2.1018902267257987e-91,5.905563670866676e-89,5.754496271391713e-90,1.0531346545258616e-08,0.003557152456666875,2.3033669451773904e-06,0.4232767418993477,0.07758706689061921,0.0062528673143729995,0.42824848810118,0.011544261960340306,1.880163316946682e-06,0.015445387467711302,0.024628869055587296,0.002404528038996138,0.5177849908708246,9.286525082122306e-180,1.330479680763767e-60,1.455016101423057e-90,0.009027959127603638,0.035334783028088165,0.041381676919259675,6.63923120335579e-06,1.0938062913843102e-10,4.295033975697656e-09,0.0373942588588781,0.46263169400505555,0.019120809935164736,3.2735177242363497e-06,1.3421503915985216e-09,0.054436754005929684,0.03358408917043431,4.54824796644361e-11,0.0015530781887633726,6.546731131541854e-05,2.60757401254877e-91,2.626680694958757e-184,6.849636893066282e-185,4.395493898358472e-186,3.225505590585601e-48,7.704080806681755e-187,4.27223717327986e-183,1.6631086234566257e-181,1.1378595265155855e-179,0.00029486042029188775,2.57985985353268e-182,2.5683802137495753e-182,8.104476872822506e-180,2.7621698520824466e-180,2.4994548475595273e-179,2.1100074135388274e-179,3.5533891276876405e-181,3.4711182424905074e-179,,7.49816920861061e-218,1.98778545218877e-46,8.573249514363403e-101,6.29113536510081e-210,1.8234114397837656e-199,1.8363942400165796e-101,5.308205525083626e-196,2.994070682605706e-188,4.805848613755127e-201,2.446744175883753e-10,3.339256343516361e-16,6.035403310941855e-109,8.78342548811126e-190,5.122733586672012e-91,5.608586128285648e-99,1.4424452360941484e-184,1.9027992038992952e-96,9.492359541548447e-98,3.994325489196031e-92,9.4157129462885e-188,0.2778044946813975,0.7741825117417201,0.01331488352460655,0.7070532296692318,0.4835802452432091,1.0,1.0,0.8648583651441633,0.4835802452432091,0.02462495359276966,0.004635517436433904,0.4835802452432091,0.9184005341399994,0.40913255548791194,0.2370642817824967,0.008492090411653391,0.010957542496539428,0.014939912069272976,0.20169405237043905,0.7070532296692318,0.6584912801670919,1.426988117457528e-184,1.3223505293674474e-93,4.899029533059179e-182,1.286431464937611e-189,2.170607528746703e-182,1.2999333455270446e-182,7.454852813090615e-14,1.0092057561926874e-08,1.0189812035238305e-92,1.060107804305159e-180,7.240507396486542e-182,1.542761081827335e-91,0.8970639171125507,0.4835802452432091,1.0,0.7070532296692318,1.0,1.0,1.0,1.0,1.0,1.0,1.0,1.0,0.7070532296692318,0.7811994064072237,3.3050099178620716e-06
pad002,0.000265305598188575,0.8642210919393474,0.025418493771106006,0.04825248455304204,1.8492788888815718e-181,0.0007079044123876799,5.117177745428614e-89,1.9298129686190463e-90,1.2920537902210194e-88,1.3336016597975418e-91,1.120598231135792e-05,0.01913563287664251,0.0003213382148313569,0.5230525008427998,0.0012197212996773864,0.04285608618876028,0.6295201466569228,9.020994347779616e-05,3.465406523615261e-10,0.013688546301944474,0.132874570321725,0.11895871967081187,0.48422771860298275,4.958207312690927e-180,4.4653974764991984e-60,8.418374700846374e-91,0.2553901630493858,0.06414087468556558,0.24163483812714964,4.6159774713517184e-05,3.7053231431888445e-07,2.0472472983663914e-10,0.03455443673905436,0.03838804637958835,0.06730057787581069,9.160466213432079e-05,1.5042917800182817e-06,0.03214130973013719,0.0014063527251437402,7.601667427481469e-11,0.0016376571110870723,0.0021725729818984634,5.369627829373773e-91,3.5751524569807653e-184,5.143746683285671e-184,8.91900527582266e-182,1.3817360079764937e-24,7.727854593367795e-186,8.680133669871097e-182,6.007772664961331e-181,3.3667251948535064e-179,0.00026813238834493783,6.50130309492878e-179,9.994527734736058e-183,8.025298760809067e-180,6.684873568765541e-181,1.4791516485852073e-178,1.7955985589991854e-179,3.5533891276876405e-181,9.730895722933905e-179,7.49816920861061e-218,,7.851460645373418e-40,3.3939941613117224e-99,5.3086825770030635e-211,3.4520734586212964e-196,5.194623293406723e-101,4.997432485704067e-194,1.3350536088759868e-194,1.4685925033986628e-197,1.1519688820261222e-05,2.166328118073404e-09,1.2931261386748587e-100,5.797621187622579e-191,5.331120482153417e-91,5.334337575057281e-100,5.19619047722059e-189,6.004718871728712e-95,2.3817533614176705e-97,5.6288040896816056e-95,2.3479014690132672e-185,0.41349652134207293,0.53889480113891,0.10849659110777067,0.30199064682960564,0.8101711711508565,1.0,1.0,0.4403233096724113,0.30199064682960564,0.026390691176866658,0.05309120097604728,0.8101711711508565,0.7694116750095282,0.049972995114876274,0.051841821438560254,0.017922321727693268,0.011077176436628809,0.07094522532868429,0.8934345683979786,0.30199064682960564,0.9877167744914833,1.883155399228883e-184,6.1477111277332475e-93,1.6457939498688082e-183,1.393846481530708e-187,1.0760137223039593e-182,1.600034094916615e-183,7.254086981494611e-13,4.838072373925797e-07,2.5852999624887833e-94,1.2431099443473127e-179,3.058983401185173e-181,5.4285597259159085e-90,0.5413478861657395,0.8101711711508565,1.0,0.8101711711508565,1.0,1.0,1.0,1.0,1.0,1.0,1.0,1.0,0.8101711711508565,0.9774668351415277,2.8536923389651977e-06
pad004,0.26195664871164837,0.6408145628361868,0.0010093757487542176,1.110352262860721e-06,7.521232263901327e-07,0.09659166360882641,0.045159405455133035,0.0043787243245510445,0.2555716937843672,0.001584033794382748,2.0706081352001123e-10,0.0010636227565986713,9.29020977936847e-09,0.18167519921104364,0.0008497876587059978,0.010095808808068025,0.048907255672914866,0.015561181408734467,0.00039681997549100077,0.006717425604883234,0.0005103218937326558,0.00015224633509686126,0.638301660125168,0.0002732589974097919,0.003005107462299153,0.029549271916471657,0.013068373561418798,0.06045308371987035,0.04521489543125441,1.6037285222012562e-05,4.045984563969267e-10,1.1485651574629686e-07,0.25567213717886716,0.006577499696875498,0.039092374934048185,3.3648853668666835e-06,1.3479424959189592e-07,0.3061220909068268,7.760304450131101e-05,2.9368180131438294e-07,0.0006569813599631118,7.433372221164896e-05,0.006704512556633412,4.818381428345584e-09,2.6673317197503692e-09,1.2891581924874214e-08,1.4697780202143416e-32,8.8910232454984e-12,2.0499990654448636e-06,0.016477581770343294,0.2614686314655752,0.00021800339033757848,0.28583479258428995,0.03154784741430236,0.10141908980969808,0.007149308747520497,0.3814078822539118,0.5473988444983857,0.9412901317853924,0.17482702618014528,1.98778545218877e-46,7.851460645373418e-40,,4.080116989415481e-09,3.6005912647494345e-27,1.04068087888456e-13,5.345224972993586e-11,2.8062022006652955e-12,2.073785131888457e-12,7.0749860054012925e-19,1.511476304121056e-05,2.197550525734549e-13,1.712438331360597e-14,7.883672669209074e-11,6.916191366908036e-05,1.1259586898921025e-10,9.812195332385813e-10,1.0985702913621969e-05,4.003523719064376e-11,3.1644583427252e-07,0.0004065283345497969,0.033588369711598946,0.9940315505044519,0.013826514271964354,0.9412901317853924,0.9412901317853924,1.0,1.0,0.20129203779318477,0.9412901317853924,0.04952811142671465,0.43418616082987316,0.9412901317853924,0.7890966396114518,0.29459546763848565,0.09712168995592631,0.0034426521015496615,0.00026949297776208535,0.18810636713956053,0.8688800946052395,0.9412901317853924,0.8983730974000476,6.28053299154351e-08,1.3918194544897845e-06,4.008748562629613e-05,9.140365452189183e-07,0.0015894937996443084,4.742970288176517e-07,2.5273507433184996e-10,1.1886517312010226e-12,3.2442608843752556e-08,0.07196642116396261,0.020040093372724832,0.0058817509990704946,0.5539942767708772,0.9412901317853924,1.0,1.0,1.0,1.0,1.0,1.0,1.0,1.0,1.0,1.0,0.9412901317853924,0.058603043799362604,0.015817952591612908
pad005,0.028681503730832808,0.7463313250756738,0.008129430614557287,0.029474571729815578,7.468892340725972e-93,1.3076348871389907e-08,5.576846107628918e-44,1.1465069694077325e-44,8.190031622317284e-44,1.1044565825310753e-45,0.018283824278481842,0.05562985148573565,0.016978703104633137,0.02525313259638876,0.0001584809743473582,0.27177816239244945,0.20217851553054592,0.3131021378062437,3.7977266749262834e-10,0.48023118376639884,0.4049850077370343,0.8576785521157712,0.33353324914773796,1.1738658952449588e-89,1.5023856080381544e-118,1.158098592566935e-44,0.1579824661802395,0.14780785333818341,0.1248425701495691,0.004240636994086939,0.009191503621472918,0.0003239955605088976,0.14655021816026417,0.680881475842791,0.006945279679708832,1.7568257314172145e-05,0.01206282201244624,0.0410315728930499,0.33067447035009995,0.00017117926241091367,0.0003937922731218754,4.1304871855576446e-05,3.0857938664215117e-47,7.187723243633431e-91,1.0263518577108852e-93,3.442029187574561e-92,4.591081611582522e-12,1.544705591862216e-92,5.019594569856145e-91,6.2337536578839555e-89,1.4257326617887608e-88,0.014774203164254091,9.422572164897718e-90,2.1867166116723603e-90,1.1108246761017328e-91,2.3008804622368616e-91,1.5755498657041582e-88,1.2442027272369801e-89,7.656421192084057e-91,1.5922176812220883e-88,8.573249514363403e-101,3.3939941613117224e-99,4.080116989415481e-09,,6.2157955677207285e-108,7.260595935993453e-109,3.991245849602e-68,2.5325306009226338e-101,8.752732689262717e-98,2.4212112101478182e-102,0.0005626608276982798,1.7214929214799533e-07,3.303906338907776e-48,1.2178363968504085e-92,8.35913215827426e-48,9.367722129890255e-49,1.0623609744521817e-93,1.0707429172268317e-47,1.0008545223391868e-45,4.5246256441155475e-45,1.0285103485172836e-89,0.022930905735277136,0.9690656621355203,0.10326259189368482,0.5770051066867111,0.5770051066867111,1.0,1.0,0.011835511307170353,0.5770051066867111,0.0016503197453029456,0.011716780125115941,0.6311965270333199,0.8923208826548605,0.3094993697822432,0.4014721719317481,0.034701461584920025,0.3886227719313175,0.0001915084459634152,0.8544904530575287,0.5770051066867111,0.8028043283839883,1.0263998421048291e-91,3.878130547893206e-49,6.307751534119492e-91,1.6163547599725662e-95,9.447624681915408e-92,4.383284929184488e-93,2.6779421189275127e-05,2.607501915743842e-06,1.1376303328662257e-48,1.7238269163596526e-89,2.8562520405801073e-92,4.014753278625494e-48,0.6434660872464559,0.6311965270333199,1.0,0.6311965270333199,1.0,1.0,1.0,1.0,1.0,1.0,1.0,1.0,0.5770051066867111,0.25693984709446016,0.0009944716011380148
pad006,0.000277316801093749,0.738193041117523,0.032007731052818414,0.004592688969569983,5.258904012236244e-183,0.00011910436359285709,4.468065161515976e-90,1.0984487744966161e-89,1.1317078690953853e-88,2.8169085611409048e-89,2.2392436629470242e-05,0.005460108185990491,0.0020176943322412627,0.31478265915580966,0.016366373949151955,0.1723173718576994,0.13865165178237307,0.0485951646918648,4.087404441276233e-08,0.06458114850187278,0.25447187525805864,0.09872689006263273,0.35482789430279255,2.9012701659500306e-180,8.655645081654163e-61,4.4262159049629924e-91,0.09734818802806817,0.07016690411322926,0.012642943070014004,6.051118352755955e-05,5.7862923436914676e-06,4.410963294426204e-08,0.03343802433226977,0.8998481500685989,0.03606491004149325,0.00046976895268475044,1.765476812863828e-05,0.0553169233233164,0.09527609105468213,6.8530734795768046e-06,0.0048816525399399575,3.716596734406421e-05,1.6881469836684978e-90,2.416370875692547e-184,2.196268654547319e-189,2.8356818651120634e-187,7.505504680563096e-29,3.7356560472306336e-188,2.831932037694391e-182,9.15949948420736e-183,1.2647174626298588e-178,1.942326483342691e-05,1.0066450603218954e-178,4.2194583327624056e-179,5.41592826966145e-180,2.3866111140305055e-182,9.331597685156152e-179,1.2756852450059324e-180,3.553389127687843e-181,1.350779684549004e-178,6.29113536510081e-210,5.3086825770030635e-211,3.6005912647494345e-27,6.2157955677207285e-108,,1.0558970663111724e-209,1.8258614507755925e-121,1.3023559339612337e-199,5.387792499731093e-196,4.111717339346119e-201,0.12328927995098563,0.0001050911038038676,1.7784720505043594e-96,1.1481454603302192e-183,1.1283029881509534e-89,5.000957651299018e-94,2.7630945524045356e-184,8.644632300016412e-92,5.1877881474104075e-93,7.199617328129212e-92,4.8003580412999124e-185,0.003177686030390832,0.23214167971178418,0.0051365359295663686,0.7580781413364297,0.40269769945044903,1.0,1.0,0.275933989464604,0.40269769945044903,0.0462076639345806,0.10134107563085658,0.40269769945044903,0.9679735220022686,0.003960260012696498,0.0009200063541889729,0.008757181063590925,0.09090064895485228,0.00033356781835587514,0.5165738605178279,0.40269769945044903,0.06487464221713937,2.4673676718825515e-184,1.244435951987054e-95,3.6843115801363694e-183,6.7844096917998e-187,1.9117200573553284e-184,4.968706966125245e-186,1.4421304485500446e-12,1.0569735203256356e-10,2.0001131291113654e-96,1.4523920963555053e-179,1.218592929149885e-182,7.402595595560893e-95,0.9899667758688858,0.40269769945044903,1.0,0.7580781413364297,1.0,1.0,1.0,1.0,1.0,1.0,1.0,1.0,0.40269769945044903,0.797590808531863,6.39811539512133e-07
pad007,0.0001401014647652069,0.8293819472356941,0.032574592219124524,0.2075394369593656,1.849596586630341e-180,0.000425123998730248,2.2450762791003928e-89,3.926990965384973e-90,3.987798051039759e-89,1.398266158799689e-88,0.00018543223734840308,0.16653352485674808,0.03492086291738044,0.31448836227279786,0.5310762509055712,0.3882010279207578,0.06630673030470363,0.5367943822444384,1.5223170508782122e-05,0.4096147500217536,0.3917517227815922,0.2200333476647201,0.2433737996784984,9.260321892137066e-180,9.285957384200073e-60,4.931990094857913e-90,0.8141978582165107,0.09008345732986775,0.04585625613065833,0.0002718210506615437,0.00025878877682497336,5.233500513175965e-06,0.015330712089897253,0.8922972147713019,0.46532053959555664,0.0006959115187897165,0.0004814473052877966,0.015836057717135237,0.2768188550703908,0.00016479699631115121,0.020714239508277943,0.014016180873697123,7.58414337932729e-92,1.2621282613961917e-180,1.5780286932911012e-184,1.896360214229749e-181,7.318965264409425e-23,2.7981188081587673e-184,1.4389041637543466e-180,5.645273016361533e-181,1.4306392696816377e-178,0.04489308897384781,1.4428162571802755e-178,7.927110100453159e-181,9.967228974183586e-182,3.1554523671561984e-179,1.4786791019771232e-178,6.48585494169754e-179,3.5533891276876405e-181,9.754513101129732e-179,1.8234114397837656e-199,3.4520734586212964e-196,1.04068087888456e-13,7.260595935993453e-109,1.0558970663111724e-209,,2.3370828415239158e-107,3.1759861692467637e-194,9.452714302620413e-197,4.312143910921983e-204,6.576448363506178e-05,2.8765324575367383e-08,2.8948992731082044e-99,1.3689603470514131e-187,4.263654237802183e-92,1.2600540395891612e-97,9.437173858995945e-184,2.4237127173180647e-91,2.8739285230404234e-95,3.715823492448126e-94,7.687316665068457e-184,0.006101963725840332,0.532177534736387,0.013306405694386968,0.811154912209478,0.2998964315671758,1.0,1.0,0.11768552515392988,0.2998964315671758,0.0013480337796196729,9.90967622902003e-05,0.811154912209478,0.9861481990063696,0.172706321395012,0.2766917996577976,0.23997982053785824,0.054172106278227265,2.2980769439220766e-05,0.869868022743008,0.2998964315671758,0.9870223457965634,4.3768678686640186e-182,1.8358405130286964e-91,3.693530920279705e-181,1.644563573751388e-184,9.225219726583963e-182,3.88675263068303e-185,2.3431079340880764e-07,1.7342018213959947e-05,1.6315149264961372e-90,5.396723905407561e-180,1.4785038378322677e-180,4.944418989525558e-90,0.7867103780368087,0.811154912209478,1.0,0.811154912209478,1.0,1.0,1.0,1.0,1.0,1.0,1.0,1.0,0.2998964315671758,0.9261252994957767,2.8208462113301097e-06
pad008,0.0004290311651171517,0.6284207582144135,0.48346924452569773,0.0234773022805035,8.56553628860872e-93,0.02100229813700631,1.5029789135049284e-47,1.4092530288267643e-45,4.728128448054409e-44,7.343207993207498e-45,0.0005266190073017595,0.0007999447277743497,1.0745850131128234e-05,0.0034873849061287363,0.023106953329376744,0.29621474637961565,0.0956460924205996,0.36129832057206807,2.5064054591513875e-05,0.11120876477329701,0.04194482686778277,0.7600467821867659,0.862514109889713,9.99340316710985e-90,7.858551186697733e-29,8.580719008240043e-45,0.037234507022209956,0.46333095979820127,0.23634889993199656,0.007376209151394513,9.437707287493147e-09,4.476939218089209e-07,0.1889340577526681,0.028208610638009786,0.0003662021210241624,0.00033189238412010673,1.161613543980797e-05,0.03125164896883568,0.00298988496712093,0.00025119952623040524,6.878988195214328e-08,1.0732372154666732e-06,3.50746163367445e-47,1.7123308199664503e-98,3.8425904153121166e-98,7.019164319879256e-96,2.13771890508586e-16,8.007055430290009e-98,3.6995968969239996e-92,1.764857176910891e-90,5.45273519745477e-89,0.0122583825574378,8.272134407381739e-89,1.8412093066446664e-90,2.181298867567111e-93,1.211075613450567e-90,4.0971956366852985e-90,3.444945944920171e-89,7.656421192084057e-91,1.091070132938807e-88,1.8363942400165796e-101,5.194623293406723e-101,5.345224972993586e-11,3.991245849602e-68,1.8258614507755925e-121,2.3370828415239158e-107,,2.425081371458428e-107,6.873771417841943e-104,1.5632673664870776e-102,0.2139087336104155,0.002118966253126234,1.934886329882473e-48,5.778518084640943e-91,1.7987188238184268e-45,1.7191676986344605e-50,1.907192102712223e-93,1.6098506828864068e-45,1.6068375971245309e-47,1.4759045468579976e-44,2.5431214756916373e-93,0.002215967124044135,0.23377269547181947,0.03560807814327368,0.8541688469820246,0.19967269556347153,1.0,1.0,0.6495846078842373,0.8541688469820246,0.0700876816716053,0.20723618740766325,0.8541688469820246,0.9825014814557412,0.7948599315913104,0.27694685719172185,0.6388882562703824,0.40534143489949936,0.00022660207608117045,0.974549472946666,0.19967269556347153,0.6224939340698529,2.4926113161881287e-91,2.5459179238891157e-45,1.8875389026520766e-89,1.2098764353230353e-92,2.0731215087236154e-92,1.4709162748686226e-91,7.515227317736742e-07,0.00014228802849571443,1.4467322611771567e-49,4.350808745626098e-89,2.5264007976353553e-90,1.5428196082815078e-44,0.9125584549572276,0.8541688469820246,1.0,0.8541688469820246,1.0,1.0,1.0,1.0,1.0,1.0,1.0,1.0,0.8541688469820246,0.9175001302473889,0.001678945060986251
pad009,6.949273004800636e-05,0.8291742846759376,0.0023376959212955684,0.003296706732904841,4.4916506283821553e-182,7.013318996021824e-05,1.8222788509737912e-89,6.603551824276336e-90,1.0244374471409746e-88,4.317393311728003e-91,1.6995200031091074e-09,0.002370334820558174,0.0518543973679838,0.03235050042296046,0.03534859968367243,0.25365298356423815,0.4895782314145304,0.009816565285005881,1.718600152286288e-05,0.1834579795762848,0.031889373245448785,0.005554015475187661,0.48901944625571103,6.417952451374401e-180,8.72344990669627e-60,6.54204489977691e-90,0.00011396302123673038,0.050326027836419394,0.6706370307175553,0.00013581210388473127,1.3640115355401916e-09,6.158053056096876e-08,0.008634487125470724,0.07014285014102811,0.0024728267577467313,6.283371240281344e-05,2.2824674857298933e-08,0.000735116880826293,0.035325609769350265,3.329899554601282e-06,0.03866177147171869,0.0014640069813456529,3.481151019493014e-92,2.6374007743117695e-185,2.791484665557447e-182,3.738873044092967e-187,8.704602687334544e-19,1.2227512458548405e-190,3.178667190627428e-181,6.55815460726274e-181,1.9251956685988904e-180,0.0001837219634516103,2.905493519332388e-179,1.789347332222872e-181,1.5191842093148058e-179,9.422069825892195e-181,7.737580423467221e-179,6.473357186902352e-180,3.553389127687843e-181,1.0439202339030463e-178,5.308205525083626e-196,4.997432485704067e-194,2.8062022006652955e-12,2.5325306009226338e-101,1.3023559339612337e-199,3.1759861692467637e-194,2.425081371458428e-107,,2.829802334391364e-192,3.735288050306212e-206,3.0537032008716382e-06,1.1010924084185465e-11,3.7836432670842147e-100,8.679061684561616e-191,2.68437270541375e-90,3.5801650563720435e-98,1.4397949837306468e-185,1.5840720003051607e-95,2.0420348379568407e-96,7.281720310154836e-94,1.1161420176327185e-181,0.004774555133824854,0.01679749220060652,0.016252994167400406,0.21467796098959022,0.21467796098959022,1.0,1.0,0.6913598222903122,0.8487969424506299,0.050850068348176694,0.0312205223977023,0.8487969424506299,0.865326305160512,0.009400574689751525,0.00020069960381182087,7.104891754233273e-08,0.021966107341911466,0.00201269168369008,0.4388288316644202,0.8487969424506299,0.6107950446313071,7.661531247233451e-185,3.3522404719868267e-95,4.594813906332918e-183,2.0029822647936554e-188,1.2672715547037375e-186,9.383792527366016e-187,1.254192349111805e-09,3.172962629834154e-11,4.879752117081788e-94,8.385322305360917e-182,1.3646762855845435e-181,3.752225085266692e-93,0.8996047656588866,0.8487969424506299,1.0,0.8487969424506299,1.0,1.0,1.0,1.0,1.0,1.0,1.0,1.0,0.8487969424506299,0.9153190788097458,3.1543066747204166e-06
pad010,0.0003012927126184387,0.8663988821718025,0.0070855565802021726,0.0016340603785541324,2.8505592010381653e-181,0.0001768696534233763,6.509945628654296e-89,1.1279874735685715e-89,7.890628680480332e-89,6.573489266742155e-90,2.8706574084544862e-05,0.019013141667962422,0.03112225394956868,0.1433348737773774,0.04928992181436706,0.046023930953269544,0.018556330704909876,0.2620105519476632,1.2141978695089272e-06,0.011979826015107359,0.0006957206450845651,0.016200880967161123,0.5311129925036825,1.702273626314302e-179,4.493855210995703e-61,8.313933584232037e-91,0.8192366610123694,0.07441230327508135,0.006888708369002387,0.0022619724990814104,2.565898028839014e-05,1.2639141874182345e-07,0.03389708364373668,0.10198310671039461,0.10184156056398393,0.16343522058486984,2.523272498591003e-06,0.029476077942379025,0.0008386676846090338,8.815778796323922e-07,0.0007937021024279998,3.824997360281873e-05,4.0525459544414564e-91,4.2546860826926074e-182,3.704975561077758e-181,4.206509130603616e-181,3.511253821861945e-09,8.519310595778165e-181,1.177828907866113e-187,2.1692346696000106e-181,8.49336458628353e-180,0.0003708401149639576,2.2580149721678118e-179,3.725085966890829e-180,1.566642754659947e-181,2.7748493950643286e-179,5.545095101593255e-179,1.338123962602403e-178,3.5533891276876405e-181,1.4696591041375181e-179,2.994070682605706e-188,1.3350536088759868e-194,2.073785131888457e-12,8.752732689262717e-98,5.387792499731093e-196,9.452714302620413e-197,6.873771417841943e-104,2.829802334391364e-192,,2.5480699186320992e-195,1.030423487576875e-05,1.3059331487732529e-11,2.157493231843454e-102,1.8479819304953106e-191,3.5203475683562088e-93,1.0749726774488196e-104,5.4107302153715756e-195,4.2206205795478636e-94,1.7128170510216098e-96,7.24759768102351e-95,1.834755904978365e-179,0.02344327808554253,0.019739520873638283,0.2767285413006291,0.31450021842457443,0.8042229325379899,1.0,1.0,0.135385807999758,0.31450021842457443,0.016742562160863943,0.020420742576392873,0.8042229325379899,0.4486436068876085,0.06713808948998881,0.016999226264507675,0.49466276340144766,0.0024642976240658965,0.0010138984002522093,0.3346502374808517,0.31450021842457443,0.9913911211543965,1.057985066715299e-185,7.602743504051792e-95,1.1011470390027947e-184,2.0917033224008077e-187,7.580351321975367e-186,4.1053908755099067e-187,4.688722486845324e-12,6.777986269822938e-14,2.1929613270309244e-93,1.6382587349363625e-179,5.273771218061565e-180,3.2344144259070775e-90,0.9827945539720276,0.8042229325379899,1.0,0.8042229325379899,1.0,1.0,1.0,1.0,1.0,1.0,1.0,1.0,0.8042229325379899,0.3800004221422339,3.6886690697366365e-06
pad011,0.0003302360067234495,0.4545354504530087,0.029082050799352773,0.01692056874817718,7.353749556427178e-183,0.00012995072920129146,2.5376008872781343e-89,8.147827063864977e-91,1.3196391267409833e-88,8.152699164094038e-90,3.304173560762503e-08,0.2253671003278937,0.09586526989242733,0.10189316808851699,0.002391028766013302,0.12795244657243068,0.011335855224581847,2.7372320600037615e-05,7.763799227060133e-10,0.028260418341093448,0.028322251111565805,2.879346232256443e-05,0.26111394955497863,8.190846288484209e-180,7.925163068575258e-60,1.9010744951322576e-89,0.5667709749304959,0.08471981636131126,0.266690847756256,0.00014319220063075387,7.255080998878876e-06,5.4752693485777374e-09,0.0028807055865360896,0.01032331703334008,0.19544424813581437,0.00021560818183428285,1.382346963315243e-07,0.003870105494491436,0.004436260718182987,3.5873434019472985e-09,0.11336499279238726,4.126742741385018e-05,1.9050835440147654e-91,1.1226289311947364e-184,3.2184830130666696e-183,3.69082097342492e-184,1.525578184974284e-20,1.5278646814430503e-187,1.3111628582454747e-181,4.1589985870495114e-181,2.6574388738871276e-179,6.477793833886693e-05,8.473727462241437e-180,6.527306763480092e-180,6.823641442327358e-181,2.311157844943185e-180,4.693088246079713e-179,4.79733469237069e-179,3.5533891276876405e-181,1.3761634992911032e-178,4.805848613755127e-201,1.4685925033986628e-197,7.0749860054012925e-19,2.4212112101478182e-102,4.111717339346119e-201,4.312143910921983e-204,1.5632673664870776e-102,3.735288050306212e-206,2.5480699186320992e-195,,1.8353538791644473e-12,1.262469860474243e-17,2.469254403389621e-102,1.1925901307302564e-196,1.7856672706579615e-92,9.069454295974682e-101,7.233145679833493e-191,2.8542136232663815e-97,2.1432988680809864e-101,8.139810410340878e-99,6.985654669872396e-181,0.11114401592446138,0.10149823901442871,0.009479341571121581,0.7446731869657353,0.42551783666411536,1.0,1.0,0.3217056872597885,0.42551783666411536,0.003286684406004948,0.0009666818576793902,0.42551783666411536,0.7817111890595121,0.04892544168744839,0.014084283838395936,0.0003642782762771538,0.08314719296431002,0.009134589323743385,0.5626029257107892,0.42551783666411536,0.9896032064746633,1.8077599171845893e-186,4.4967789733382667e-97,1.013426517019784e-186,1.2030469872506231e-190,5.5227757957862116e-185,6.499566385602194e-187,2.6178493529738535e-10,7.046863586984708e-10,1.9341582284441384e-90,3.697462905033366e-181,1.9861443976239033e-183,4.199945215041061e-93,0.9792400725182364,0.42551783666411536,1.0,0.7446731869657353,1.0,1.0,1.0,1.0,1.0,1.0,1.0,1.0,0.42551783666411536,0.9633686999174695,1.5595005425066527e-06
pad022,0.9913079688559356,1.0,0.22299210823862653,0.08152350269101118,0.0765370098392076,0.033954973371012345,0.025969705462203865,0.013571454257621164,0.45490199295278577,0.012405822198406661,7.883012129387805e-07,0.4912738363546466,0.20365221576718748,0.006794246338702655,0.06435256042847946,0.5557038600511235,0.06389328700837987,0.017221971274978022,0.0030698961934407603,0.009202154963664382,0.04005182005917145,0.005087304791708014,0.5727577734192782,0.05136226471373522,0.00018331743304223017,0.0012143769775517326,0.07171672003594586,0.91528985395566,0.752123578978821,0.009663977562130475,0.022930112390247694,8.180548379979612e-05,0.27264621014546664,0.1702329934401386,0.9149954823628021,0.0010697845757006237,3.406350265668032e-05,0.16627539870391472,0.2544681918622376,8.01719929459784e-20,0.43931480874391704,0.16724725008160404,0.06339541087489438,0.21760254963097939,0.32375178366803414,0.06285620102808234,0.0007612425454298862,0.5739827011524397,0.05817048779510015,0.06149886849933449,0.25875641877365835,0.11199011262601055,0.07559430664243001,0.3048601390830962,0.07555923085169239,0.5548215047051261,0.6263685923097263,0.38267882877901915,1.0,0.18752505160833594,2.446744175883753e-10,1.1519688820261222e-05,1.511476304121056e-05,0.0005626608276982798,0.12328927995098563,6.576448363506178e-05,0.2139087336104155,3.0537032008716382e-06,1.030423487576875e-05,1.8353538791644473e-12,,4.334402109639047e-43,3.0130030892443776e-19,4.381158095513339e-45,1.1117499092778361e-18,2.1562452773604552e-26,8.412907535665419e-20,4.0794558765379523e-13,7.22455890095896e-13,5.196616678770897e-19,0.010525386282703171,0.16815680152984402,0.06731891930519349,0.37655438005690345,1.0,0.900535045429515,1.0,1.0,0.9975936770330899,0.900535045429515,0.0371971306875269,0.14430844784496824,0.900535045429515,0.6498756388155033,0.02708329844852844,0.1951642810397377,0.464021390298489,0.21502430720746474,0.2029623459961434,1.0,1.0,1.0,1.3481444723792879e-08,2.0758544698586396e-05,2.1343859817849215e-08,8.20825616534652e-06,2.019314451966464e-08,2.3597326444479148e-07,0.00015469631853170588,1.4144886514475716e-07,0.2191672452861566,0.01854697810110663,0.0030057726413270456,0.00222660526023579,1.0,0.900535045429515,1.0,1.0,1.0,1.0,1.0,1.0,1.0,1.0,1.0,1.0,1.0,0.1443601283393146,1.0
pad023,0.15433936206545978,0.9924072071697538,0.041102999108095034,0.014273853851269919,0.009011814655288759,0.04562711028448376,0.032012942192395866,0.00028156203702959305,0.39313932659602685,0.007422206068574301,1.1513668397921511e-09,0.17719757114219659,0.006252236165017433,0.0006984235166933522,0.002414953872751611,0.20012834665857782,0.00999878859165222,0.7401758891582224,0.0027483379134045625,0.006538108234173379,3.0115381057011448e-05,0.03305947295220112,0.3257893044140755,0.27843393397484234,0.11943194912481067,0.01560947749415283,0.219850124274934,0.3654443125525284,0.6878815537029285,0.0011313117047707158,2.919676358341839e-06,9.673661932441783e-10,0.23062407165739016,0.015716328241629805,0.35790880568327355,4.009027582427435e-06,1.1127115447106984e-06,0.011300000825696571,0.02474477292577272,2.4134076887737483e-21,0.9550386380820247,0.0002915570043424503,0.005075511816550445,0.001993719137552789,0.001042349267278247,0.004206862041303001,9.536301795003249e-15,0.02652088314363628,0.001369832229845396,0.039478196977787906,0.011928198292499794,0.00019705050609625992,0.11798221399888952,0.1141089526299507,0.10373422952965367,0.45820037451467865,0.6950989977810424,0.15492427164186137,1.0,0.6847338567593931,3.339256343516361e-16,2.166328118073404e-09,2.197550525734549e-13,1.7214929214799533e-07,0.0001050911038038676,2.8765324575367383e-08,0.002118966253126234,1.1010924084185465e-11,1.3059331487732529e-11,1.262469860474243e-17,4.334402109639047e-43,,2.481754082328637e-31,2.429670416778427e-45,1.1563348146453843e-13,2.4649472349829777e-30,4.1040690109384084e-19,1.4911202257271725e-17,3.5776405334287856e-21,1.0510942480093999e-18,0.0002910779642011759,0.00031892094489597504,0.09375082880487563,0.5054111186366625,0.7126993133569489,1.0,1.0,1.0,0.15430114288737753,0.7126993133569489,0.001798208154166821,0.007120197534326969,1.0,0.45830633252997566,0.007157605093506492,0.10059381526503294,0.03097957494839228,0.004738236133572041,0.01741855361378006,0.40915254823608294,0.7126993133569489,1.0,3.410184501551281e-13,6.002961907918149e-06,3.3204669346914227e-12,7.851516284148979e-12,7.823553429972216e-07,2.166328118073404e-09,5.932295716171837e-10,1.045351795281259e-10,0.00026218966711218913,0.0013317991187921604,8.649654609677686e-07,1.9342632790291123e-06,1.0,1.0,1.0,1.0,1.0,1.0,1.0,1.0,1.0,1.0,1.0,1.0,1.0,0.08398697586938308,1.0
pad024,0.018967460991514105,0.40702923981334427,0.076077063522492,0.09020245603248343,3.15504810227588e-90,0.0014216724884720585,6.624167360251849e-44,3.4179220384829174e-47,8.392710339508472e-44,1.5635806348947864e-44,2.2945478865474483e-05,0.24142563278295065,0.14138745627172705,0.19691044908259547,0.4541296562877737,0.17580264100076434,0.4056824548968326,0.10385420079932003,4.442287885393492e-06,0.0713241901445198,0.020054123709142523,0.0029927853506871525,0.34897922788676605,1.2550560357264219e-89,2.7380406089809933e-30,7.853306805466183e-47,0.06677845693747803,0.19738106109309414,0.4671905841260152,0.11029863227271564,4.205996461026172e-05,2.2476089160421153e-10,0.3025238383168089,0.010181840011354849,0.5564974194578152,0.024943578560885887,1.0068705398942187e-05,0.039678779556481907,0.6023102761369863,2.2346273677067994e-10,0.21476992131402192,9.606404457024495e-05,1.3247104063164984e-45,8.569164153351367e-90,8.935937906000949e-92,1.1530403139733096e-90,3.806625633427855e-13,1.7042591446144179e-90,1.7802496369952264e-93,1.489581210078904e-89,8.634374326771968e-89,0.14263982860564162,3.572332051371676e-90,1.1934026751196087e-90,5.581841041544053e-89,5.0165041806176266e-89,1.3985480289750887e-88,1.2315560230417278e-88,7.656421192084277e-91,1.4968082492157782e-88,6.035403310941855e-109,1.2931261386748587e-100,1.712438331360597e-14,3.303906338907776e-48,1.7784720505043594e-96,2.8948992731082044e-99,1.934886329882473e-48,3.7836432670842147e-100,2.157493231843454e-102,2.469254403389621e-102,3.0130030892443776e-19,2.481754082328637e-31,,7.972966009031188e-133,6.041338274470033e-56,5.963260866952148e-65,3.3706003840369405e-118,4.066156799981015e-65,2.46031972263537e-69,9.651180609450562e-54,1.0795456451967893e-95,0.005932990595845191,0.03141286494794262,0.08970669564520976,0.4367156433412853,0.4367156433412853,1.0,1.0,0.7649099305183513,0.4367156433412853,0.004933955520272724,0.0002472235294832729,0.7366810059704875,0.013080080705048278,0.02931752687754491,0.04110354752212253,5.609132292806983e-05,0.00020669142804739807,0.012269039499370577,0.01556975753275486,0.4367156433412853,0.582556238143376,2.3187169727868938e-94,2.417480855727659e-54,3.623064976975308e-103,2.9913959627605025e-101,6.161070581586175e-95,1.346138647367228e-98,9.231706326455873e-15,1.55999988371157e-10,1.7049821772374957e-51,6.093967985973476e-91,2.341883699469706e-91,2.0664175026544376e-47,0.8183127955200917,0.7366810059704875,1.0,0.7366810059704875,1.0,1.0,1.0,1.0,1.0,1.0,1.0,1.0,0.4367156433412853,0.44399063021927454,1.307403422342395e-11
pad025,0.0003287041052428005,0.8469117624203855,0.18427582486813882,0.03445756332927165,6.290188808114365e-180,0.00016055303317366568,5.521857737560345e-90,5.336649542947052e-91,1.4316463364541157e-88,3.839745737999929e-89,3.5170694219641718e-06,0.6459017731029326,0.2007512882183962,0.49173474222898217,0.04667145340474761,0.8038330687221902,0.5221773893862838,0.007297085478735059,2.480488122743445e-09,0.001438561527957523,0.010606753964702325,0.0010835597705900414,0.5687558575838167,9.185996399703385e-179,3.775104330852859e-61,1.8157475000161751e-90,0.029341823178104402,0.04036177019304299,0.5436517687613885,0.2647269985863266,0.021008280599680407,1.0817780282831306e-06,0.016627679090340956,0.002124542355070479,0.9115181687858305,0.006323808106894535,2.164757577414284e-05,0.0010033389079582347,0.29743880800270267,3.547038467510958e-10,0.9003919975115884,0.004933136164871117,5.598256745437354e-90,2.8715012398477957e-180,1.1213394656503857e-178,3.3841870335106764e-179,1.1772936024728888e-06,4.759708877809979e-179,1.9971075297897096e-181,6.732831007450555e-180,7.461430692291835e-180,0.13014754522710598,9.638157411920996e-180,6.762574050588948e-179,5.00071394647658e-179,9.620676129248654e-179,1.4795179776357665e-178,1.832464122435481e-179,3.5533891276876405e-181,1.2128676218051817e-178,8.78342548811126e-190,5.797621187622579e-191,7.883672669209074e-11,1.2178363968504085e-92,1.1481454603302192e-183,1.3689603470514131e-187,5.778518084640943e-91,8.679061684561616e-191,1.8479819304953106e-191,1.1925901307302564e-196,4.381158095513339e-45,2.429670416778427e-45,7.972966009031188e-133,,1.1438923943897218e-103,3.1602469504968175e-124,2.2948114707715827e-208,4.182614511154565e-108,3.6456024709865995e-116,7.85295954845372e-121,8.68401007097569e-182,0.11368902949524108,2.128877138881181e-05,0.24172563370405,0.30408228199240744,0.30408228199240744,1.0,1.0,0.44540109052451793,0.8091852602976725,0.004582989447338682,0.01627716067936835,0.30408228199240744,0.006891641550316261,1.2156861140774267e-05,0.05500604572891477,0.005868596477951303,0.01189015664899552,0.00015008611073067884,0.8911786110664385,0.30408228199240744,0.5290266747873261,2.4059715899447e-193,4.1871195071409396e-101,3.636510841947935e-204,2.785768673076422e-191,7.599858980414431e-195,1.007775549072645e-195,2.807166863235115e-10,1.584116319615938e-14,1.0373563082725829e-89,2.807458203593376e-184,1.8504740039461252e-186,8.968128070912583e-99,0.976826899650753,0.30408228199240744,1.0,0.8091852602976725,1.0,1.0,1.0,1.0,1.0,1.0,1.0,1.0,0.30408228199240744,0.30646254532889244,2.012027150708534e-06
pad027,0.026534553697500372,0.6338857618412668,0.7872328331922834,0.9472595831029648,1.131171936926832e-88,1.602617995584042e-43,4.420177143104706e-179,6.323256198347821e-180,3.60765091820435e-179,3.0018046541765274e-179,0.034265173527168624,3.8976322924089044e-89,3.6227239081722493e-89,6.9811932667930904e-46,1.6579025042783703e-89,4.138249556857661e-89,1.5235049404082967e-89,0.5511619647088073,0.020210747653597993,0.2667637537235918,0.014389464272342983,0.009925642408040737,0.3577197535216977,1.4875824641425752e-89,1.9315360195914098e-121,1.6275327143771237e-179,0.10082379047994736,0.23394165597930375,0.558893730264334,0.2229627984172928,0.009717455464197507,0.0028431364141370836,0.10145043135571111,0.00513923914600614,0.2983234229349191,0.05499843091697322,0.005464677109007147,0.20797596675409624,0.8746202830813669,4.945686355208513e-07,0.10080495921507239,0.004463889183155169,1.3814597680795019e-179,1.0562379075147895e-89,1.9949058975821994e-89,1.542565380328902e-88,0.029158926277881653,8.565301990400767e-89,7.556604824080826e-93,1.1535377471039204e-88,1.585366732388818e-88,0.2826463747235185,3.3011974613490445e-89,6.160817532305893e-89,1.4533852586220077e-89,2.427970380481545e-89,8.738816596679477e-89,1.467276188310687e-88,7.656421192084057e-91,1.5633015194248884e-88,5.122733586672012e-91,5.331120482153417e-91,6.916191366908036e-05,8.35913215827426e-48,1.1283029881509534e-89,4.263654237802183e-92,1.7987188238184268e-45,2.68437270541375e-90,3.5203475683562088e-93,1.7856672706579615e-92,1.1117499092778361e-18,1.1563348146453843e-13,6.041338274470033e-56,1.1438923943897218e-103,,2.829890957980696e-201,6.202196295537154e-113,5.7921984642784204e-204,6.378465788045891e-56,5.138168199885142e-186,8.439704182703378e-89,0.08917483653643231,0.024363483534546617,0.7494906939604157,0.5127644975259582,0.5127644975259582,1.0,1.0,0.5263893880244113,0.6846199142825268,0.10635602760650423,0.20526249260485827,0.6846199142825268,0.15217066178577848,0.6519614465539361,0.055367207280385175,0.10704807548721397,0.9260432711840481,0.15389393082441422,0.14902645337658896,0.6846199142825268,0.9412836487712551,9.582443788513384e-92,4.170550839925299e-182,3.1074115861128696e-94,7.082960768714261e-91,3.7169556036893585e-92,2.0483954914870196e-94,0.0005928126416182546,0.013839317407414863,4.813057736037882e-45,4.256888741916524e-89,4.367360778140959e-89,4.0380149594348286e-179,0.42278722163128524,0.6846199142825268,1.0,0.5127644975259582,1.0,1.0,1.0,1.0,1.0,1.0,1.0,1.0,0.6846199142825268,0.7788167699562697,2.073045918796463e-05
pad028,0.027526426325198642,0.6491421641335707,0.05979494958443368,0.1371122234180211,7.863055866778592e-90,6.052867356095727e-44,2.118348494268082e-179,2.797663848546102e-181,3.3920273629015405e-179,3.87690355796376e-180,4.197819723020469e-08,1.6804880848794136e-89,9.123490344715988e-92,2.088519108065452e-45,1.2162167418508004e-89,2.6602708334528396e-89,1.4444367356921734e-89,0.10251018052529852,8.480091295259554e-05,0.04021878579809697,0.026761641646041518,0.00596817814347936,0.22531536929562831,7.900960545237459e-90,2.357353411211056e-120,1.8954894195853452e-180,0.0071964214222740705,0.3749521432829514,0.5603657363372272,0.011254895567021772,2.1301917712556458e-07,8.974529138628953e-08,0.11828313094059345,0.005434420521344066,0.08847049919329839,4.972605144251385e-06,7.72432884602613e-06,0.002812364282572606,0.0007994959667171604,2.7235141222857126e-18,0.022357333218566092,0.01434966323063997,1.0877089090818697e-179,3.244336772648403e-92,1.4025299504048019e-92,9.949757935531037e-94,5.908108992513288e-10,8.066569631454589e-91,3.8546905313339284e-94,2.247089931256879e-89,4.849332634703922e-90,2.340939545160077e-05,6.236358815241556e-90,1.179561082795521e-88,3.500461608687191e-89,7.670431613071787e-90,1.0716715554164444e-88,1.5724521368923302e-88,7.656421192084057e-91,1.2377389112727449e-88,5.608586128285648e-99,5.334337575057281e-100,1.1259586898921025e-10,9.367722129890255e-49,5.000957651299018e-94,1.2600540395891612e-97,1.7191676986344605e-50,3.5801650563720435e-98,1.0749726774488196e-104,9.069454295974682e-101,2.1562452773604552e-26,2.4649472349829777e-30,5.963260866952148e-65,3.1602469504968175e-124,2.829890957980696e-201,,3.537952213415504e-112,5.128817837372324e-200,1.0045644948333234e-69,1.7472282354846e-195,7.413115683917648e-92,0.003217104247571766,2.2530017858593993e-07,0.13558904852721387,0.26607910265197204,0.8256549794003845,1.0,1.0,0.3543679349576249,0.26607910265197204,0.002858133542304155,0.0012959531864758062,0.8256549794003845,0.3101427878568742,0.22181608797620447,0.22952983890758835,0.02140019289149696,0.007889864784538252,0.0317239672523608,0.9256572016381631,0.26607910265197204,0.9710676574531835,1.0007356417982978e-95,1.6143752525262355e-183,2.0756746912250814e-99,3.0656899970244763e-94,1.2685706800471802e-97,1.7881416626870835e-97,1.1213156467201387e-06,1.216465375206753e-09,7.370685564943598e-48,7.758266573125205e-91,4.266496994222379e-94,4.1353823195246346e-182,0.9427710724540292,0.8256549794003845,1.0,0.8256549794003845,1.0,1.0,1.0,1.0,1.0,1.0,1.0,1.0,0.8256549794003845,0.1424392741480781,0.003075036624253368
pad029,0.00010605331486359148,0.2924834438268554,0.10869039875733685,0.16896783597008783,6.481250962963882e-179,0.0009803262650442913,1.0876650506099087e-88,1.153451335142894e-89,7.869819514403316e-89,7.685416871367711e-90,0.000669638780234152,0.66320576320227,9.736471924521356e-05,0.0091059480587752,0.00567312640744538,0.10380408200600245,0.11743724795684891,0.1578391249532855,7.472648877852814e-07,0.0968727379173296,0.018904142058933503,5.737997581889202e-07,0.5156996698173579,3.9364848855711954e-179,2.2191546547728754e-59,8.601872052203099e-92,0.29941556497118405,0.06996887533479688,0.7420847122482255,0.18787962584905452,0.024353718288778223,1.336593476270167e-07,0.0028250447726323458,0.0007771108466175387,0.02170212379519573,0.026431128354395497,0.0008275578291080001,0.7541339956055031,0.727897970672049,3.7223655026908996e-07,0.46720594218351186,6.814713406093004e-05,4.155708285598759e-90,7.322565709793795e-182,1.773414612141763e-182,1.794036641063736e-179,4.8095247163880855e-08,1.5079662759644246e-179,4.834534615697091e-187,5.1983242340030225e-179,3.774886114048575e-179,0.1697785709239601,1.1781924581795169e-178,1.3123873734287118e-178,8.782888564009032e-179,2.2877866610694556e-180,1.1911800871278297e-178,1.4796745920593926e-178,3.5533891276876405e-181,1.4799091358205022e-178,1.4424452360941484e-184,5.19619047722059e-189,9.812195332385813e-10,1.0623609744521817e-93,2.7630945524045356e-184,9.437173858995945e-184,1.907192102712223e-93,1.4397949837306468e-185,5.4107302153715756e-195,7.233145679833493e-191,8.412907535665419e-20,4.1040690109384084e-19,3.3706003840369405e-118,2.2948114707715827e-208,6.202196295537154e-113,3.537952213415504e-112,,2.100356321772832e-118,2.7686007218250685e-108,1.4251414492969829e-102,2.0517753180054715e-180,0.023512147362653453,0.0008807082347902594,0.18717058757053148,0.6098060382026412,0.6098060382026412,1.0,1.0,0.9949354193050818,0.6010315858212899,0.12076134186257734,0.5843239624501542,0.6010315858212899,0.15353857734604776,0.028496642180520566,0.00010643257069291053,0.0037671386239897468,0.033087755598265274,0.007745411288401487,0.9079083286693213,0.6098060382026412,0.850348399475163,3.318788228970544e-189,2.6673723338007534e-107,1.6210665745167742e-190,3.4491531641045637e-194,7.214849012880795e-190,1.7874778577563075e-189,1.4647353094114172e-10,5.341493189296006e-14,1.525520477527416e-98,8.347760663787916e-181,4.285579245190194e-181,7.512637122793214e-92,0.7222403946086973,0.6010315858212899,1.0,0.6098060382026412,1.0,1.0,1.0,1.0,1.0,1.0,1.0,1.0,0.6010315858212899,0.9498708588116107,2.572710258166427e-06
pad031,0.02452000913728037,0.6765614846690804,0.32112031315402867,0.5595125529193341,7.8151298384972875e-90,1.6646485588007602e-44,4.384096515925461e-179,2.183625521033475e-183,5.516104434477964e-183,4.856951383537803e-182,0.0009595618512654551,6.50353340143434e-90,8.309830130544241e-92,2.7049489940106143e-48,1.4734569956844058e-90,1.9741497016017232e-89,5.7746785365718894e-89,0.6128215715143461,0.0006808491188233895,0.018110880452833343,0.014785811050307874,0.004635664099796342,0.05428616036446239,9.934743018599285e-91,7.11769753819827e-124,1.7790830654015868e-182,5.542887736199213e-05,0.2598804803891305,0.5188713935386396,0.0024527253093100847,0.0003377690688727205,5.263954979620648e-08,0.29492002756904434,0.08997694686922023,0.5033799181612792,0.0007069416666006985,0.004680509269674051,0.0042065522983257605,0.1564224030345639,8.886789289810256e-07,0.007764319696336877,0.011069264053656012,3.351865424047632e-181,2.1275561783278106e-92,1.988952769320779e-89,1.6463443684709508e-90,5.936462362470557e-08,1.0650647647481857e-90,1.2380023423743111e-92,1.2915101750171244e-88,1.3567357880909202e-88,0.030830818121108258,1.4494169198782001e-89,1.4073895765789564e-88,1.478934933536139e-88,3.929789113542939e-90,1.5208988611772764e-88,1.5809122171402318e-88,7.656421192084277e-91,1.4547109973373204e-88,1.9027992038992952e-96,6.004718871728712e-95,1.0985702913621969e-05,1.0707429172268317e-47,8.644632300016412e-92,2.4237127173180647e-91,1.6098506828864068e-45,1.5840720003051607e-95,4.2206205795478636e-94,2.8542136232663815e-97,4.0794558765379523e-13,1.4911202257271725e-17,4.066156799981015e-65,4.182614511154565e-108,5.7921984642784204e-204,5.128817837372324e-200,2.100356321772832e-118,,6.700290051481902e-70,1.8306062202639433e-186,1.3784142626964042e-89,0.0028400223472558233,0.00037398874913007846,0.22818488532891953,0.4007707841248766,0.4007707841248766,1.0,1.0,0.2717941861459826,0.7580781413364298,3.33733485042252e-05,0.03432394629732244,0.7580781413364298,0.7072329442898132,0.04521617967356217,0.005552565856482678,0.00014190285797112555,0.714350614550856,0.013859410431366612,0.971679726499868,0.4007707841248766,0.9933955300161508,1.0228400977872438e-98,1.3723017195528307e-188,1.2349056764685099e-96,2.192234687978839e-94,3.2480189045462514e-98,9.731459295540339e-101,1.4137578696204638e-10,2.790595586267507e-09,8.503486198248095e-54,7.321967463306522e-90,5.123893332057257e-91,1.1419620314422846e-179,0.9867871228373779,0.7580781413364298,1.0,0.7580781413364298,1.0,1.0,1.0,1.0,1.0,1.0,1.0,1.0,0.4007707841248766,0.33126473341292717,0.00024032010677470017
pad032,0.02976724671951262,0.2577827284065033,0.1408990193934092,0.009273707555550988,7.659950363436728e-91,0.0011578891939031508,1.0809790129854538e-45,6.195575430149466e-49,3.2759626846345194e-45,8.220638183079339e-46,5.5978414734646657e-11,0.0016637178717282587,7.01199872330865e-05,0.0007554434161882742,0.00047270799351907083,0.2065386325123936,0.842878041021303,0.10246170772357993,4.632945654233259e-07,0.048886364149389974,0.014427764364691264,0.030422990743617286,0.6953230613569501,5.499056442911167e-90,5.136400297766858e-31,4.4510393515496655e-46,0.10499092604600453,0.0019867939450163787,0.5195236049879755,0.285066461707175,0.009044746941347227,5.993742157480426e-05,0.09338481169913924,0.018740538944390078,0.06147376685754896,0.0020694271086056145,6.97123647858381e-05,0.007265994024682299,0.05465187693766898,5.076851652911188e-07,0.02417765270814257,0.00042311480467146904,3.2799801239505666e-45,3.264266346707098e-93,1.1369962348761858e-92,3.351598914140886e-92,4.861907796088927e-11,1.169635490419219e-90,4.720640241310461e-91,7.44696344924167e-89,4.137645466785945e-90,0.0016281304608268422,8.798170779310444e-90,7.855533345670973e-90,6.459692878542135e-89,5.331464574298472e-90,1.0243401711312747e-88,1.5807518697932627e-88,7.656421192084057e-91,1.2162230022124843e-88,9.492359541548447e-98,2.3817533614176705e-97,4.003523719064376e-11,1.0008545223391868e-45,5.1877881474104075e-93,2.8739285230404234e-95,1.6068375971245309e-47,2.0420348379568407e-96,1.7128170510216098e-96,2.1432988680809864e-101,7.22455890095896e-13,3.5776405334287856e-21,2.46031972263537e-69,3.6456024709865995e-116,6.378465788045891e-56,1.0045644948333234e-69,2.7686007218250685e-108,6.700290051481902e-70,,9.623667753930447e-60,1.8861256895687967e-90,0.15888408536853482,6.079872729199506e-05,0.45190914056397835,0.2554135854999899,0.8303838366447435,1.0,1.0,0.9829709226768693,0.8303838366447435,0.03297047887861787,0.3943828777618821,0.8303838366447435,0.6275722238534911,0.00040614035508265304,0.00016202998309132357,0.0011875662637174822,4.169493125062288e-05,0.02436068480479435,0.7976369017404337,0.2554135854999899,0.9652236588442741,7.38694202462811e-95,7.187082851986564e-50,2.573113539197383e-100,1.908794652410651e-96,9.254896690164927e-98,1.2756555157262198e-105,3.1866933751802504e-06,1.0202104828408985e-09,2.2750298270237377e-48,1.208008655888413e-95,1.827194167290148e-94,2.3746568759927633e-48,0.8448436854843542,0.8303838366447435,1.0,0.8303838366447435,1.0,1.0,1.0,1.0,1.0,1.0,1.0,1.0,0.2554135854999899,0.9519950446205492,1.3485666346007491e-11
pad033,0.02897197175320768,0.474371382214295,0.2749677372756835,0.13757843837874195,1.0675852664140187e-88,3.428447557736042e-43,1.0956811958544565e-178,7.375016642158664e-180,3.755895205785783e-179,1.7638276246851139e-180,0.00024914570456557503,6.998388748229499e-89,1.3016957235131052e-90,3.185975839566523e-44,8.105697259438028e-89,1.496470922809585e-88,3.912358675473421e-89,0.19263760168602723,0.0011232465968116488,0.8166860098474749,0.06119273730962397,0.05147077917503774,0.35774291664687674,1.2542537162953298e-88,4.790095537952656e-121,2.0964217221119014e-179,0.12974401044361364,0.16507290640570565,0.1928186207734254,0.3393473347314252,0.23028136614196032,0.0012221981737792426,0.17498792302913915,0.5303244471962675,0.5633817133642203,0.008386640230530052,0.0479551458469513,0.0347459637862348,0.9103318293713158,7.780892605724132e-10,0.4441800278456668,0.1284783236991745,4.8921825237721824e-179,3.9919378940562826e-89,7.774844346582965e-89,4.415649738134188e-90,3.467769574545492e-05,2.092295003858175e-89,1.7731205255611644e-91,1.0627543566535777e-89,1.4837815204675994e-88,0.13615006646749073,1.4887229327822015e-90,5.0704205610934365e-89,8.66289575971592e-89,1.5524834079490918e-88,9.205825211099843e-89,5.207351267826042e-89,7.656421192084277e-91,1.2906318995446124e-88,3.994325489196031e-92,5.6288040896816056e-95,3.1644583427252e-07,4.5246256441155475e-45,7.199617328129212e-92,3.715823492448126e-94,1.4759045468579976e-44,7.281720310154836e-94,7.24759768102351e-95,8.139810410340878e-99,5.196616678770897e-19,1.0510942480093999e-18,9.651180609450562e-54,7.85295954845372e-121,5.138168199885142e-186,1.7472282354846e-195,1.4251414492969829e-102,1.8306062202639433e-186,9.623667753930447e-60,,1.3735784776033382e-90,0.000685492503340613,0.04079014923536557,0.01809442423568981,0.8979996453796202,0.8979996453796202,1.0,1.0,0.3220933571879407,0.09363348046774461,0.13156383200146296,0.003785417890263621,0.09363348046774461,0.022728880395728603,1.055391621415174e-08,0.020623049664074338,0.003128997887736118,0.0024283055962140833,2.0267291834525324e-05,0.41016447461116,0.09363348046774461,0.7663820360487633,2.0144852775022463e-99,2.038442031888047e-183,4.6422006680360284e-98,1.3231470175561887e-97,1.4055136599571223e-99,1.225917251101063e-93,8.42578616266354e-06,2.3429513362267117e-08,9.331636443008671e-46,1.1048828602308005e-97,7.19674322977261e-95,3.591047496045942e-183,0.10801027979254543,0.09363348046774461,1.0,0.8979996453796202,1.0,1.0,1.0,1.0,1.0,1.0,1.0,1.0,0.09363348046774461,0.8277898331087544,0.003016185316982014
pad044,0.0003218042447857721,0.5730048216027142,0.06857270382610284,0.8429590563802076,2.192296705122177e-179,0.0007305447003165635,1.1813313950206435e-88,1.5746665549374525e-88,1.52323828407318e-88,1.0308732659907366e-88,0.18502833374617952,0.889565962378105,0.9856409960743434,0.022373077951972433,0.9885600762833392,0.8527195838522512,0.901098737909054,0.6755614698361556,0.000128485938984912,0.9851192510133386,0.8075239207030969,0.5003857067753956,0.5537213737913544,1.4332645436073685e-178,9.214933150342825e-59,9.284472318154653e-89,0.8147172697775334,0.08907759803995789,0.2184960054068183,0.7539618909349883,0.8985002273183462,0.09708216391995787,0.00908241442142209,0.5362982329950103,0.09230669324444671,0.3790563725996652,0.15848802809460358,0.7364404297573428,0.9597237258202138,0.009094182794356767,0.4652304189337457,0.9080248461267375,8.037736774328684e-89,4.1655481774366265e-179,2.449699712120509e-180,1.0095039580449383e-178,3.299205420781448e-06,1.2926134980415425e-178,3.7758342474234814e-179,1.419921108103632e-181,9.689000529214552e-182,0.6749610359253648,6.672599854220981e-179,2.7501130419166678e-179,1.0995661994748141e-178,1.2488164759539885e-178,1.1228200785657016e-178,9.53220805883867e-179,3.5533891276876405e-181,1.4011997528286296e-178,9.4157129462885e-188,2.3479014690132672e-185,0.0004065283345497969,1.0285103485172836e-89,4.8003580412999124e-185,7.687316665068457e-184,2.5431214756916373e-93,1.1161420176327185e-181,1.834755904978365e-179,6.985654669872396e-181,0.010525386282703171,0.0002910779642011759,1.0795456451967893e-95,8.68401007097569e-182,8.439704182703378e-89,7.413115683917648e-92,2.0517753180054715e-180,1.3784142626964042e-89,1.8861256895687967e-90,1.3735784776033382e-90,,0.48800709877623816,0.9375856298720618,0.4698244005851284,0.9724000972807992,0.9724000972807992,1.0,1.0,0.6402728004382027,0.00010371848494758538,0.13465447146908424,0.0013286027469381107,0.9724000972807992,0.9113275894456969,0.9777918759692448,0.25887684184177917,0.5734158088499978,0.03162717246617529,0.036917216046411426,0.8688216970775794,0.9724000972807992,0.0877156453240066,8.238992108900249e-181,2.3950528600445834e-89,1.342433380800291e-179,1.221211086021736e-179,7.78099614844066e-180,2.818897683511952e-179,0.0026363659432783178,0.005581345192246178,1.0186759553662047e-88,9.004465334965904e-179,1.3692680651590606e-178,1.5743822829922652e-88,0.44212288080654516,0.9724000972807992,1.0,0.9724000972807992,1.0,1.0,1.0,1.0,1.0,1.0,1.0,1.0,0.00010371848494758538,0.04261075811619897,3.5419729966111296e-06
pcd001,0.635467697374158,0.5226431149054331,0.5860193688975024,0.5292415044763757,0.7013523775413316,0.3704529812218705,0.8952594814691732,0.8028622320998516,0.6702193139464296,0.8623053942288763,0.0038753461026275137,0.3730907920434879,0.40469434742062604,0.5860227403270777,0.9391402741539822,0.8944855752393734,0.5357235508564586,0.3395023114554986,0.7746802123725796,0.7086587129885753,0.40469434742062604,0.34829958298209707,0.2960141754508111,0.013066971240443415,0.20448062845501322,0.8500731600480167,0.13002030919756585,0.42459331255531907,0.7890332943220327,0.20526087592497952,0.35415438943110056,0.09546840500950271,0.8380355470789367,0.42459331255531896,0.02817847819079846,0.4146297131101794,0.9365202340064829,0.5053223066494612,0.05604909760363445,0.07158256651307422,0.7743911954683078,0.8698097334153336,0.7172374851569743,0.3372482910014259,0.0824681853679639,0.08108244416205698,0.001884139832435462,0.5752009463087744,0.008253727844477077,0.09748696452044049,0.36311231289713863,0.5781683387477459,0.771270518433046,0.7906074241390155,0.755033490008671,0.8932550302948442,0.9461167756712203,0.6367892820817959,1.0,0.861268747810858,0.2778044946813975,0.41349652134207293,0.033588369711598946,0.022930905735277136,0.003177686030390832,0.006101963725840332,0.002215967124044135,0.004774555133824854,0.02344327808554253,0.11114401592446138,0.16815680152984402,0.00031892094489597504,0.005932990595845191,0.11368902949524108,0.08917483653643231,0.003217104247571766,0.023512147362653453,0.0028400223472558233,0.15888408536853482,0.000685492503340613,0.48800709877623816,,4.453015400498707e-09,1.9622817873900092e-14,0.15247987301786328,0.15247987301786328,1.0,1.0,2.812163903675385e-06,0.15247987301786328,1.0303057636540959e-09,6.25698306479394e-05,0.15247987301786328,0.19555739026293256,0.45290980962580607,6.542623094001609e-08,0.3455057443917131,0.4544435371535651,2.566547964744053e-07,1.0,0.15247987301786328,0.6435575223996264,0.01691405079850581,0.05617889035830781,0.00013541344935013203,0.006168146396552908,5.194397840853289e-05,0.00013344118532564528,0.00010198946188533837,1.4580298039986756e-07,0.0005368985940895139,0.012683869587903802,0.002175153526653364,0.00011303543809410531,0.17051795699451958,0.15247987301786328,1.0,1.0,1.0,1.0,1.0,1.0,1.0,1.0,1.0,1.0,1.0,0.014376798393867879,0.8071000228896696
pcd002,0.44023826907261565,0.3701157862273383,0.8654944456897998,0.682069857487629,0.5889821397586508,0.6614386659338902,0.5882948426522843,0.9756985258003799,0.9374667224147586,0.8362856414637929,0.3535505232150932,0.39212112011473454,0.5332029198055868,0.9727872542701336,0.37390235636028735,0.9175389218925468,0.8542629966384303,0.259500285325311,0.9325128106202549,0.8487939237244377,0.5332029198055868,0.4867960860227206,1.0,0.9795368148733279,0.8990803377270506,0.7093801858130704,0.8565365828784842,0.9579680043357148,0.750438836697678,0.4708673858776422,0.9188944888157032,1.0,1.0,1.0,1.0,0.3701157862273383,0.6037536614358096,1.0,0.12093929154170202,0.4113995619433348,1.0,0.35455658625394293,0.8334348125441675,0.8863549480268046,0.7774345931495146,0.5485300409154729,0.040606505610146504,0.9543461155685308,0.005090861038853113,0.09645429988956873,0.9169311314384401,0.8904324761619498,0.7468639482075521,0.82213732383817,0.8091703982579571,0.8214166136721495,0.9089078742989799,0.9250054326743898,1.0,0.9745329737156113,0.7741825117417201,0.53889480113891,0.9940315505044519,0.9690656621355203,0.23214167971178418,0.532177534736387,0.23377269547181947,0.01679749220060652,0.019739520873638283,0.10149823901442871,0.06731891930519349,0.09375082880487563,0.03141286494794262,2.128877138881181e-05,0.024363483534546617,2.2530017858593993e-07,0.0008807082347902594,0.00037398874913007846,6.079872729199506e-05,0.04079014923536557,0.9375856298720618,4.453015400498707e-09,,7.836745033341208e-09,0.00017237428613047214,0.00017237428613047214,1.0,1.0,1.0,1.0,0.08802568396384884,0.06755802221319675,1.0,0.005395504064650626,0.01860999400283349,3.056776763477687e-08,0.9384357708867598,0.08802568396384884,0.20708458907377025,1.0,0.00017237428613047214,1.0,0.0016392361602946884,0.003438085900127108,0.0009309232774756343,0.0720309497091498,0.0025903940918876153,0.002412814204481698,0.0850584968440876,0.01982603959775953,0.6086354034358226,0.04031475816020207,0.06045014450368875,4.963659963011645e-06,1.0,1.0,1.0,1.0,1.0,1.0,1.0,1.0,1.0,1.0,1.0,1.0,1.0,6.998247887220308e-07,1.0
pcd003,0.8318540250286304,0.2072495829085199,0.31564542514621813,0.01603872001981225,0.7654650288650852,0.8491189794710616,0.0020665829168923424,0.6766865705069456,0.9077315099597935,0.8907642193674604,0.032809090140563706,0.9748023965906814,0.02904003751092224,0.8693040458155552,0.0880737560781968,0.17989292676486804,0.036062784015814864,1.0,0.3321843378499078,0.37336457862762035,0.9813702405924292,0.13193831941119102,0.8157893912263461,0.09052698618173646,0.24133629509949392,0.38274407645869113,0.24962405534436324,1.0,0.05537656854765203,0.03814793721652023,0.8246892118434923,0.8714652417181201,1.0,0.7314367353063502,0.6913310782190374,0.2072495829085199,0.13847360262058914,1.0,0.3378503001133221,0.7892599527844606,0.012883294374721509,0.017169256242851826,0.037170682261956,0.04536303812062628,0.01516347211752029,0.04238970180824576,0.020057236786462342,0.2873805498788783,0.00011364232711133098,0.014363039604090426,0.8273339416100496,0.012339843381030809,0.5599817462573825,0.965026744202684,0.0015490787790797618,0.13446323961727472,0.8115933834719189,0.8433403659194195,1.0,0.9451767563792496,0.01331488352460655,0.10849659110777067,0.013826514271964354,0.10326259189368482,0.0051365359295663686,0.013306405694386968,0.03560807814327368,0.016252994167400406,0.2767285413006291,0.009479341571121581,0.37655438005690345,0.5054111186366625,0.08970669564520976,0.24172563370405,0.7494906939604157,0.13558904852721387,0.18717058757053148,0.22818488532891953,0.45190914056397835,0.01809442423568981,0.4698244005851284,1.9622817873900092e-14,7.836745033341208e-09,,1.0,0.012834253929039972,1.0,1.0,0.6875274577871047,0.012834253929039972,3.708886722290957e-05,0.058394739123394095,1.0,0.9633222656068205,0.0007050215514090414,0.02344223265206703,0.027913298365432285,0.0007331148504731027,0.0021251457079388943,1.0,0.012834253929039972,0.2245554576279619,0.0615061662772275,0.006483642600545595,0.004927059124027964,5.0879672854838956e-05,0.07628808774568466,0.000187435824079874,0.007928996689824086,0.0018359337959483997,0.04039482251475599,0.0001468207299832862,3.455736940430994e-06,0.0013909947567964358,0.004818636783544797,1.0,1.0,1.0,1.0,1.0,1.0,1.0,1.0,1.0,1.0,1.0,1.0,0.0004504874491625496,1.0
pcd004,1.0,0.5046696711450978,0.6639169598992783,0.1285357085900922,0.5244502229125483,0.7188906860451216,0.9294228055361013,0.42926627838950093,0.5662000152716025,0.0705864340236615,0.24257336999457796,0.7981951743200372,0.8585934425898185,0.13257412413526734,0.1468996256840653,0.09363348046774461,0.9345366591281451,1.0,0.8803579050961463,0.9338103976049266,0.8585934425898185,0.9759745523835128,1.0,0.4367156433412853,0.8514914690255341,0.9159439192223913,1.0,1.0,0.7575302884638574,1.0,1.0,0.8966300687986353,1.0,1.0,1.0,1.0,1.0,1.0,0.0981563384879704,0.5205505017414984,1.0,0.3535423386043042,0.9459664947756146,0.08272712982680289,0.16777773423787065,0.9330827130488345,0.8572797963762016,0.21467796098959022,0.24685757697744157,0.9807885937808284,0.9939210803599201,0.04921846804573497,0.9529326494129963,5.5291500554962335e-06,0.9852224714186768,0.008520945240193412,0.9933070997193171,0.9945339452584688,1.0,0.998187867052669,0.7070532296692318,0.30199064682960564,0.9412901317853924,0.5770051066867111,0.7580781413364297,0.811154912209478,0.8541688469820246,0.21467796098959022,0.31450021842457443,0.7446731869657353,1.0,0.7126993133569489,0.4367156433412853,0.30408228199240744,0.5127644975259582,0.26607910265197204,0.6098060382026412,0.4007707841248766,0.2554135854999899,0.8979996453796202,0.9724000972807992,0.15247987301786328,0.00017237428613047214,1.0,,1.0,1.0,1.0,1.0,1.0,1.0,1.0,1.0,1.0,0.973052602025189,0.10882370800793226,1.0,0.08080376350033358,1.0,1.0,1.0,1.0,0.4622863908153173,0.5846127735820854,0.26394900349069456,0.3988400306355012,0.14072613019207159,0.30199064682960564,1.0,0.8030287533618135,0.531041971664823,0.969119191347549,0.9459664947756146,0.07398597743202626,1.0,1.0,1.0,1.0,1.0,1.0,1.0,1.0,1.0,1.0,1.0,1.0,1.0,7.656421192084277e-91,1.0
pcd007,1.0,0.5046696711450978,1.0,0.8825300797835082,0.6769274528651418,0.9655259543848325,0.030215405077296743,0.7412637724259548,0.5662000152716025,0.9082441306668751,0.8369187692070906,0.7981951743200372,0.8585934425898185,0.8816990258877032,0.8766763903706368,0.8987973025312358,0.9345366591281451,1.0,0.6210179034242027,0.9338103976049266,0.19112241764543067,1.0,0.9932747441722651,0.4367156433412853,0.8514914690255341,0.9159439192223913,1.0,0.3877431349283985,1.0,1.0,1.0,1.0,1.0,1.0,1.0,0.5046696711450978,0.5361562029599601,1.0,1.0,1.0,1.0,1.0,0.9459664947756146,0.08272712982680289,0.868164706189738,0.025747863802038404,0.8572797963762016,0.8487969424506299,0.8350617204706079,1.567412578401377e-06,0.9939210803599201,0.9814286694213711,0.9529326494129963,0.9788707317991301,0.9852224714186768,0.9480704279719196,0.9933070997193171,0.9945339452584688,1.0,0.998187867052669,0.4835802452432091,0.8101711711508565,0.9412901317853924,0.5770051066867111,0.40269769945044903,0.2998964315671758,0.19967269556347153,0.21467796098959022,0.8042229325379899,0.42551783666411536,0.900535045429515,1.0,0.4367156433412853,0.30408228199240744,0.5127644975259582,0.8256549794003845,0.6098060382026412,0.4007707841248766,0.8303838366447435,0.8979996453796202,0.9724000972807992,0.15247987301786328,0.00017237428613047214,0.012834253929039972,1.0,,1.0,1.0,1.0,1.0,0.08080376350033358,1.0,1.0,1.0,0.973052602025189,0.10882370800793226,1.0,1.0,0.020398904641993586,1.0,1.0,1.0,0.4622863908153173,0.5846127735820854,0.8275526874305119,0.3988400306355012,0.14072613019207159,0.30199064682960564,0.8131932685988789,0.8030287533618135,0.531041971664823,0.969119191347549,0.9459664947756146,0.07398597743202626,1.0,1.0,1.0,1.0,1.0,1.0,1.0,1.0,1.0,1.0,1.0,1.0,1.0,0.9951456973374156,0.016403188418377908
pcd008,1.0,1.0,1.0,1.0,1.0,1.0,1.0,1.0,1.0,1.0,1.0,1.0,1.0,1.0,1.0,1.0,1.0,1.0,1.0,1.0,1.0,1.0,1.0,1.0,1.0,1.0,1.0,1.0,1.0,1.0,1.0,1.0,1.0,1.0,1.0,1.0,1.0,1.0,1.0,1.0,1.0,1.0,1.0,1.0,1.0,1.0,1.0,1.0,1.0,1.0,1.0,1.0,1.0,1.0,1.0,1.0,1.0,1.0,1.0,1.0,1.0,1.0,1.0,1.0,1.0,1.0,1.0,1.0,1.0,1.0,1.0,1.0,1.0,1.0,1.0,1.0,1.0,1.0,1.0,1.0,1.0,1.0,1.0,1.0,1.0,1.0,,1.0,1.0,1.0,1.0,1.0,1.0,1.0,1.0,1.0,1.0,1.0,1.0,1.0,1.0,1.0,1.0,1.0,1.0,1.0,1.0,1.0,1.0,1.0,1.0,1.0,1.0,1.0,1.0,1.0,1.0,1.0,1.0,1.0,1.0,1.0,1.0,1.0,1.0,1.0,1.0,1.0,1.0
pcd009,1.0,1.0,1.0,1.0,1.0,1.0,1.0,1.0,1.0,1.0,1.0,1.0,1.0,1.0,1.0,1.0,1.0,1.0,1.0,1.0,1.0,1.0,1.0,1.0,1.0,1.0,1.0,1.0,1.0,1.0,1.0,1.0,1.0,1.0,1.0,1.0,1.0,1.0,1.0,1.0,1.0,1.0,1.0,1.0,1.0,1.0,1.0,1.0,1.0,1.0,1.0,1.0,1.0,1.0,1.0,1.0,1.0,1.0,1.0,1.0,1.0,1.0,1.0,1.0,1.0,1.0,1.0,1.0,1.0,1.0,1.0,1.0,1.0,1.0,1.0,1.0,1.0,1.0,1.0,1.0,1.0,1.0,1.0,1.0,1.0,1.0,1.0,,1.0,1.0,1.0,1.0,1.0,1.0,1.0,1.0,1.0,1.0,1.0,1.0,1.0,1.0,1.0,1.0,1.0,1.0,1.0,1.0,1.0,1.0,1.0,1.0,1.0,1.0,1.0,1.0,1.0,1.0,1.0,1.0,1.0,1.0,1.0,1.0,1.0,1.0,1.0,1.0,1.0
pcd012,1.0,1.0,1.0,0.9166478866195147,0.557932587839349,0.8536805913097608,0.9902958552996151,0.9902156132024083,0.6675545694723786,0.9558310452457538,0.9924192182718327,0.9178862158603076,0.1967336327577629,0.9270865947796167,0.12067296913955954,0.8488281666704216,0.0766644474958431,0.4267603853434495,0.9534976039288101,0.5154774080682285,0.6282645574971499,1.0,0.7403889364730811,0.753519662190757,0.6588644603791383,0.9747324051240802,1.0,0.9149951321907649,0.6134745267066806,0.5609528580090071,0.2740941649133143,1.0,0.1308747279148034,0.29584935343053176,0.11130664710832733,0.5391938242168721,0.18040558787780878,0.008796663317285416,0.2054804792097165,1.0,0.21709590228398243,0.2373046845593908,0.9570021258666336,0.9444248995857423,0.5612097266484397,0.5246568439350241,0.38332994775289786,0.9947597588049735,0.7694781096089794,0.39800484379499906,0.951995789752143,0.6311512618452453,0.6777553747804936,0.8417277867327533,0.24039953429761943,0.02518982904021224,0.9472614644798487,0.9567421713230557,1.0,0.9854729202636975,0.8648583651441633,0.4403233096724113,0.20129203779318477,0.011835511307170353,0.275933989464604,0.11768552515392988,0.6495846078842373,0.6913598222903122,0.135385807999758,0.3217056872597885,0.9975936770330899,0.15430114288737753,0.7649099305183513,0.44540109052451793,0.5263893880244113,0.3543679349576249,0.9949354193050818,0.2717941861459826,0.9829709226768693,0.3220933571879407,0.6402728004382027,2.812163903675385e-06,1.0,0.6875274577871047,1.0,1.0,1.0,1.0,,5.031866921344303e-07,2.1860454714452907e-05,0.0056237454695506695,1.0,1.0,0.00014159397096721573,0.2304399316070241,0.7401363641286652,1.3947774961789473e-08,0.035453261747647936,1.0,1.0,0.005259584606757159,0.11629498068084176,0.7165182179187002,0.8068983398891973,0.9866637185328675,0.11130493866975201,0.4403233096724114,0.7594696790881019,0.2825422798030338,0.5740205121230132,0.711985822030433,0.35230935493669874,3.193088911027688e-05,1.4315603956665361e-09,1.0,1.0,1.0,1.0,1.0,1.0,1.0,1.0,1.0,1.0,1.0,1.0,3.751403423617025e-15,1.0
pcd013,1.0,1.0,0.6639169598992783,0.8825300797835082,0.6769274528651418,0.9655259543848325,0.9294228055361013,0.7412637724259548,0.6409181605068974,0.9082441306668751,0.24257336999457796,0.7981951743200372,0.8585934425898185,0.8816990258877032,0.8766763903706368,0.8987973025312358,0.02365213965225807,1.0,0.6210179034242027,0.9338103976049266,0.8585934425898185,1.0,1.0,0.7378306723938011,0.8514914690255341,0.9159439192223913,1.0,1.0,0.7575302884638574,0.7363718596988554,0.37545668276200084,0.8966300687986353,1.0,1.0,1.0,1.0,1.0,0.26740383641927234,0.0981563384879704,1.0,1.0,0.3535423386043042,0.9459664947756146,0.9035493844825129,0.16777773423787065,0.9330827130488345,1.0,0.8487969424506299,0.24685757697744157,0.9807885937808284,0.9939210803599201,0.04921846804573497,0.9529326494129963,0.9788707317991301,0.9852224714186768,0.9480704279719196,0.9933070997193171,0.9945339452584688,1.0,0.998187867052669,0.4835802452432091,0.30199064682960564,0.9412901317853924,0.5770051066867111,0.40269769945044903,0.2998964315671758,0.8541688469820246,0.8487969424506299,0.31450021842457443,0.42551783666411536,0.900535045429515,0.7126993133569489,0.4367156433412853,0.8091852602976725,0.6846199142825268,0.26607910265197204,0.6010315858212899,0.7580781413364298,0.8303838366447435,0.09363348046774461,0.00010371848494758538,0.15247987301786328,1.0,0.012834253929039972,1.0,1.0,1.0,1.0,5.031866921344303e-07,,0.08080376350033358,0.003965135170754147,1.0,1.0,0.973052602025189,1.0,1.0,1.0,1.0,1.0,1.0,1.216213216978252e-16,0.4622863908153173,0.6241518351298048,0.8275526874305119,0.7602767040991892,0.8791955193189691,0.8101711711508565,0.8131932685988789,1.0,0.6704328068957163,0.969119191347549,0.9459664947756146,0.9066855256592686,5.749523110227657e-09,1.0,1.0,1.0,1.0,1.0,1.0,1.0,1.0,1.0,1.0,1.0,1.0,1.2772654998949832e-30,1.0
pcd014,0.6598114814370754,0.03588008101823315,0.7716979428392272,0.1720105191458685,0.23793006764823327,0.42181660568409607,0.20880955042301633,0.009351435033345465,0.32393221324103816,0.2508151330330067,0.3285268672994715,0.4704386022803906,0.8908695124436099,0.006170172048432572,0.2746629138782617,0.02401689111800703,0.3054207497369541,0.364283269026041,0.20269606832438175,0.15499083847032102,0.549604075499319,0.8173252886038492,0.014401101355200193,0.005013745153358093,0.014503143218672425,0.0004524548527543136,0.20064578153362056,0.7208295257160829,0.0744588195190878,0.8207406948222757,0.002142529101083952,0.00301327038869324,0.1849552408139405,0.010189560817472439,0.8171475955579112,0.00015976580004393672,0.01435935417024197,0.001998377918259875,4.9287475550637834e-05,0.10709999305431583,0.055874496468127845,0.0033962811444092863,0.08716996230266576,0.0043573211974813385,0.7790280807038878,0.0064971183464798115,0.09633578062281786,0.33564795247967866,0.11674291901990634,0.7246679669025422,0.832336112161769,0.09222020735663357,0.8014838484518824,0.8151914332197367,0.10507038245779594,0.0010493045265095502,0.22312519681100987,0.10628914961835174,1.0,0.8987956034948661,0.02462495359276966,0.026390691176866658,0.04952811142671465,0.0016503197453029456,0.0462076639345806,0.0013480337796196729,0.0700876816716053,0.050850068348176694,0.016742562160863943,0.003286684406004948,0.0371971306875269,0.001798208154166821,0.004933955520272724,0.004582989447338682,0.10635602760650423,0.002858133542304155,0.12076134186257734,3.33733485042252e-05,0.03297047887861787,0.13156383200146296,0.13465447146908424,1.0303057636540959e-09,0.08802568396384884,3.708886722290957e-05,1.0,0.08080376350033358,1.0,1.0,2.1860454714452907e-05,0.08080376350033358,,4.560361205709206e-42,0.08080376350033358,4.266626075968804e-05,1.0852953847146756e-06,0.004955563646849663,0.34708341553165367,0.030279065182202396,7.244379809023716e-11,1.0,1.0,0.4830992878504594,0.18788641101498077,0.002299140851395374,1.6521178588120244e-05,0.00036681040163068766,4.1275246436871685e-08,8.467381140433784e-06,0.001169510512098383,6.743815536584144e-06,0.00019125437872860015,0.0022579606490850997,0.008603929019054284,0.00012851943188761848,0.06911257775633262,0.08080376350033358,1.0,1.0,1.0,1.0,1.0,1.0,1.0,1.0,1.0,1.0,1.0,0.02854334982003589,1.0
pcd015,1.0,1.0,0.03468446252294834,0.4024148452353349,0.039757325603503965,0.9976600882513538,0.13396860302352664,0.14849619707001865,0.9184621135239246,0.9534845941887491,0.6238538664759543,0.6813338459668226,0.784866939945373,0.18731371045754858,0.9785398390965763,0.5357397409745952,0.3211024153651742,0.5878779510187435,0.42277426104723514,0.8763383948534834,0.9709724568394904,0.7819875267930249,0.012537078215646143,0.0013318189000466373,0.02415692790307134,0.09419558081318455,1.0,1.0,0.13345462665998092,0.45689615515790094,0.04054846023978028,0.019418989665372293,1.0,0.7737955965657619,0.7960296914284142,0.22642867115457133,0.3086363532756797,0.004164949671562018,7.691539306391115e-05,0.034194724049426806,0.5872450060483709,0.29416695151927474,0.9568780434071114,0.06222714093921779,0.3143401988690216,0.02254792534238685,0.009516168456450348,0.7918799090346695,0.0007003701204796344,0.9679926293235379,0.8658355275836991,0.03174809152126237,0.985844757408658,0.07696042968758106,0.8838073607388093,0.12645658456140416,0.8532867742478607,0.87853762014993,1.0,0.9580524789903015,0.004635517436433904,0.05309120097604728,0.43418616082987316,0.011716780125115941,0.10134107563085658,9.90967622902003e-05,0.20723618740766325,0.0312205223977023,0.020420742576392873,0.0009666818576793902,0.14430844784496824,0.007120197534326969,0.0002472235294832729,0.01627716067936835,0.20526249260485827,0.0012959531864758062,0.5843239624501542,0.03432394629732244,0.3943828777618821,0.003785417890263621,0.0013286027469381107,6.25698306479394e-05,0.06755802221319675,0.058394739123394095,1.0,1.0,1.0,1.0,0.0056237454695506695,0.003965135170754147,4.560361205709206e-42,,0.003965135170754147,1.7245701883094719e-12,1.8239366295270766e-05,0.16059135260720891,0.5252630465585095,0.011314557689692814,2.954025505465444e-09,0.32277002211139266,1.0,0.1415241501578673,0.10017121874465956,0.04391131595449839,0.001217977142680721,0.22531027283201813,0.21589256065932436,0.05309120097604728,0.1133809991494593,0.09929905449384831,0.014248808620723313,0.3135330749629602,0.029959639919859872,0.16360830819700262,0.4042536586323867,0.003965135170754147,1.0,1.0,1.0,1.0,1.0,1.0,1.0,1.0,1.0,1.0,1.0,0.11128554711260914,0.6716763631291467
pcd019,1.0,1.0,1.0,0.1285357085900922,0.5244502229125483,0.9655259543848325,0.030215405077296743,0.7412637724259548,0.6409181605068974,0.0705864340236615,0.24257336999457796,0.7981951743200372,0.8585934425898185,0.13257412413526734,0.8766763903706368,0.8987973025312358,0.9345366591281451,0.6951952127760599,0.8803579050961463,0.9338103976049266,0.8585934425898185,0.9759745523835128,1.0,0.4367156433412853,0.8514914690255341,0.9159439192223913,1.0,1.0,0.7575302884638574,1.0,1.0,1.0,1.0,1.0,1.0,0.5046696711450978,0.5361562029599601,1.0,1.0,1.0,1.0,1.0,0.9459664947756146,0.9035493844825129,0.868164706189738,0.025747863802038404,1.0,0.8487969424506299,0.8350617204706079,0.9807885937808284,0.9939210803599201,0.9814286694213711,0.9529326494129963,0.9788707317991301,0.9852224714186768,0.9480704279719196,0.9933070997193171,0.9945339452584688,1.0,0.998187867052669,0.4835802452432091,0.8101711711508565,0.9412901317853924,0.6311965270333199,0.40269769945044903,0.811154912209478,0.8541688469820246,0.8487969424506299,0.8042229325379899,0.42551783666411536,0.900535045429515,1.0,0.7366810059704875,0.30408228199240744,0.6846199142825268,0.8256549794003845,0.6010315858212899,0.7580781413364298,0.8303838366447435,0.09363348046774461,0.9724000972807992,0.15247987301786328,1.0,1.0,1.0,1.0,1.0,1.0,1.0,1.0,0.08080376350033358,0.003965135170754147,,9.402243479444592e-05,8.237950825435246e-05,0.10882370800793226,1.0,1.0,0.020398904641993586,1.0,1.0,1.0,0.721490143954123,0.5846127735820854,0.26394900349069456,0.3988400306355012,0.8791955193189691,0.8101711711508565,1.0,1.0,0.531041971664823,0.969119191347549,0.9459664947756146,0.07398597743202626,1.0,5.469176379365863e-47,1.0,1.0,1.0,1.0,1.0,1.0,1.0,1.0,1.0,1.0,1.0,0.9951456973374156,1.0
pcd020,0.751760822844758,0.7911431570905821,0.8022109218383024,0.9035011845788313,0.7537960646626303,0.9588564582910281,0.5040357268313267,0.7872760207926237,0.491869415327579,0.9827870145173676,0.9220240649828185,0.9919595630370533,0.9919618259741637,0.9438908938355697,0.5009448720793335,0.6399734203391259,0.8909560794849548,0.41073224382581885,0.9076535077780639,0.40522033865722273,0.9919618259741637,0.912902450051912,0.27676833033860315,0.9905034884525393,0.4586299491077115,0.9818813894833543,0.31507296965421044,0.8550776927200103,0.5260601525714161,0.965744474087112,0.8169779791428411,0.30037071355106637,0.8554666228104216,0.8550776927200103,1.0,1.0,0.3512387983736597,0.01833669448563532,0.6356799989525144,0.32283768591453393,1.0,0.7491629430655413,0.7768195100409162,0.983382688393823,0.7335606189384191,0.9255131536467458,0.5136571943723751,0.865326305160512,0.6039158605091973,0.7235955587775869,0.06724363368063944,0.5327162469795588,0.5294386771279666,0.7545025330019852,0.821699361610011,0.7617333233009196,0.9152290991170815,0.930252789465725,1.0,0.9763589313372464,0.9184005341399994,0.7694116750095282,0.7890966396114518,0.8923208826548605,0.9679735220022686,0.9861481990063696,0.9825014814557412,0.865326305160512,0.4486436068876085,0.7817111890595121,0.6498756388155033,0.45830633252997566,0.013080080705048278,0.006891641550316261,0.15217066178577848,0.3101427878568742,0.15353857734604776,0.7072329442898132,0.6275722238534911,0.022728880395728603,0.9113275894456969,0.19555739026293256,0.005395504064650626,0.9633222656068205,1.0,1.0,1.0,1.0,1.0,1.0,4.266626075968804e-05,1.7245701883094719e-12,9.402243479444592e-05,,5.915844179347345e-15,1.8636808647280958e-06,0.15905535682544075,1.8184603674021007e-07,2.8073076695852266e-05,0.12735078013588394,1.0,0.03470837121654638,0.020097291648883155,0.030267592471379293,0.00027878876388491634,0.1352507718847853,0.6378857805451223,0.00660741506334003,0.3907548069387017,0.3649874476379029,0.7695481267431997,0.02633554696471106,0.0388406061192432,0.0009569670267904801,1.0,9.402243479444592e-05,1.0,1.0,1.0,1.0,1.0,1.0,1.0,1.0,1.0,1.0,1.0,0.9378290336855181,0.9993025488164369
pcd021,0.91157060238011,0.8412174061872554,0.41304497462344814,0.09570274853075321,0.8042303143397641,0.9486192382135381,0.7441481738307253,0.8634807370549551,0.9091962859943461,0.8619511030151974,0.27717011022928045,0.5963841589066875,0.9016574787998356,0.12126975099507868,0.14892259611217823,0.9869968375107687,0.9784393798693815,0.7734837285836166,0.9762493816863876,0.9793405305104376,0.9852195728012042,0.06974022931796318,0.5821555930656368,0.7876249020132009,0.631759795838757,0.9812705144110438,0.759089993243291,0.7789143131797636,0.0037237672739041773,0.10875886215209199,0.4221681024458712,0.010695971382130293,0.48526481716825776,0.05171490500449478,0.9198472152552288,0.03539406118447184,0.10335472116605056,0.08853651564198146,0.44263880331394045,0.11468834177411488,0.8881460125907191,0.562156340119865,0.9786637728129566,0.9086775475553642,0.9383816837728065,0.8977589432575207,0.021899313269563226,0.9827600767090303,0.9269994341104969,0.9923418453252552,0.9682105397073694,1.4275506338645461e-176,0.990894924286141,0.9967042493013034,0.853078706674196,0.006225548344790705,0.9652253958933281,0.9106057373909523,0.973052602025189,0.9968049665829435,0.40913255548791194,0.049972995114876274,0.29459546763848565,0.3094993697822432,0.003960260012696498,0.172706321395012,0.7948599315913104,0.009400574689751525,0.06713808948998881,0.04892544168744839,0.02708329844852844,0.007157605093506492,0.02931752687754491,1.2156861140774267e-05,0.6519614465539361,0.22181608797620447,0.028496642180520566,0.04521617967356217,0.00040614035508265304,1.055391621415174e-08,0.9777918759692448,0.45290980962580607,0.01860999400283349,0.0007050215514090414,0.973052602025189,0.973052602025189,1.0,1.0,0.00014159397096721573,0.973052602025189,1.0852953847146756e-06,1.8239366295270766e-05,8.237950825435246e-05,5.915844179347345e-15,,1.732988349685782e-05,8.588259308878913e-05,6.81910854634788e-14,2.11946747214803e-15,0.8717547760832308,8.237950825435246e-05,0.08129058194568219,0.0005767832736680577,0.001585497847018824,7.480754342717139e-09,3.4175837036623243e-06,8.725619621363067e-11,1.947588596041238e-06,0.037259558157011326,0.0006132483993471316,1.773657336986616e-90,2.73012649312365e-20,7.517157390504077e-31,4.5050908634047856e-11,0.0064886370955680155,8.237950825435246e-05,1.0,0.973052602025189,1.0,1.0,1.0,1.0,1.0,1.0,1.0,1.0,0.973052602025189,0.7706787397278442,0.0014745654455104332
pcd022,1.0,0.6308702672365235,0.4667383041226958,0.43643578406163874,0.021185920248142486,0.8630631353152476,0.2468664615131214,0.19278441148609496,0.331442586074269,0.005224596621314189,0.0008843033900569468,0.10034134498010992,0.03335116688900802,0.4824095384442991,0.2669747559255207,0.9597646263213928,0.5583365408216165,0.20672460382328917,0.32089111124709885,0.5788562279759635,0.0006173592630931106,0.11249352292623527,0.07751882561856176,0.07984955337502748,0.047887986909474364,0.09699948844266901,0.06077563006297748,1.0,1.0,0.2632839666154789,0.17358920977196202,0.016685761493496355,0.04596868451155257,0.11253991988277116,0.0007559047073889407,0.0003005148723376801,0.019742456689761278,0.08598323321461906,0.13508101585864443,0.5292412799003731,0.6432552920507716,0.38763795557946545,0.4180265554098771,0.460793730077931,0.005239885355792121,0.19813815397503115,0.08007935783626578,0.033224009851126016,0.00034838498730735016,0.0002963459781346608,0.8855462340597332,0.044322156004689944,0.7603227093726113,0.9082042750989596,0.032697127135909165,0.00716880290641639,0.9203456272008526,0.688539693264332,1.0,0.07322000756556732,0.2370642817824967,0.051841821438560254,0.09712168995592631,0.4014721719317481,0.0009200063541889729,0.2766917996577976,0.27694685719172185,0.00020069960381182087,0.016999226264507675,0.014084283838395936,0.1951642810397377,0.10059381526503294,0.04110354752212253,0.05500604572891477,0.055367207280385175,0.22952983890758835,0.00010643257069291053,0.005552565856482678,0.00016202998309132357,0.020623049664074338,0.25887684184177917,6.542623094001609e-08,3.056776763477687e-08,0.02344223265206703,0.10882370800793226,0.10882370800793226,1.0,1.0,0.2304399316070241,1.0,0.004955563646849663,0.16059135260720891,0.10882370800793226,1.8636808647280958e-06,1.732988349685782e-05,,0.007291711510476135,5.1606720382180025e-08,4.656291264427281e-06,1.0,1.0,0.5514540701022408,0.0045943441347915896,0.00022683338114234253,0.00026235354253490497,8.34295673192324e-05,9.698474161560289e-05,8.005303495446376e-07,0.005818561416960438,0.00023422637441974041,0.0008861896019744304,0.0016333122436577446,0.0005651679902270377,1.4535347754382992e-08,0.10571211538771792,0.10882370800793226,1.0,1.0,1.0,1.0,1.0,1.0,1.0,1.0,1.0,1.0,1.0,0.004264904027722603,0.5282490060611376
pcd023,0.007356400599798144,0.22416695454466778,0.31910438281513864,0.9160741371146113,0.836583123815728,0.2885674874363578,0.4957944018878391,0.9281463348872288,0.4436584962599387,0.9520796046987854,0.09237520723423587,0.9760748882808062,0.18681089184585886,0.9418069310838115,0.18527656261350514,0.6962497781518084,0.8142634035855368,0.24979657817583956,0.9167941741712029,0.9789107873481938,0.7644441040517317,1.0,0.759671862741125,0.8324315414536203,0.41516361312540195,0.9569062908276618,0.6992020798567307,1.0,0.7478522967770322,0.9218441245422863,0.16284424141768433,0.1394948552346723,0.9449335480134975,0.07592528148291446,0.4769134964589036,0.35781203121668825,0.8926426219802499,0.8941363663620353,0.4431593982469352,0.4187363390926234,1.0,0.11892412799375365,0.14858538052221015,0.7659006741018791,0.9744838969252655,0.8377382923139582,0.15719341278919788,0.9784861884535094,0.10035725463305,0.7289333104576232,0.8111637015532378,0.26487432784643705,0.4904050178829992,0.9408305173864064,0.599896171460162,0.5196329674812463,0.03243742488672478,0.8285088917832084,1.0,0.9396434146197875,0.008492090411653391,0.017922321727693268,0.0034426521015496615,0.034701461584920025,0.008757181063590925,0.23997982053785824,0.6388882562703824,7.104891754233273e-08,0.49466276340144766,0.0003642782762771538,0.464021390298489,0.03097957494839228,5.609132292806983e-05,0.005868596477951303,0.10704807548721397,0.02140019289149696,0.0037671386239897468,0.00014190285797112555,0.0011875662637174822,0.003128997887736118,0.5734158088499978,0.3455057443917131,0.9384357708867598,0.027913298365432285,1.0,1.0,1.0,1.0,0.7401363641286652,1.0,0.34708341553165367,0.5252630465585095,1.0,0.15905535682544075,8.588259308878913e-05,0.007291711510476135,,0.00014560361354840737,0.30249016325626066,1.0,1.0,1.0,0.0013129959657093605,9.922164137132636e-05,0.006239611854537971,0.0001321254416536661,3.305728019795444e-05,0.43728313432890253,0.03446845423620664,1.1307192059649567e-05,0.2787646105673731,0.0005331408023439549,1.274292591476824e-06,0.0226367291206012,1.0,1.0,1.0,1.0,1.0,1.0,1.0,1.0,1.0,1.0,1.0,1.0,1.0,0.8461814674733131,0.03958714773814905
pcd025,0.879037453417091,0.3573198727280058,0.5522411964425834,0.4825099231567681,0.14278570378846603,0.6313078747370214,0.20880955042301633,0.8478638562015715,0.8194183287397117,0.8322891638374588,0.19591310492002809,0.9651013004125902,0.7390127736697866,0.8702875393650584,0.072674442129714,0.6556400860993101,0.7805300601703609,0.5543209294031559,0.9848647973953498,0.7700115370537411,0.8908695124436099,0.609921029194356,0.8302086525129964,0.9037009245325782,0.5941041161178668,0.7022340852739795,0.4775811750875155,0.4678304892252855,0.01788969227813084,0.6023399320695848,0.227939099311358,0.0011630229615208956,0.4635220632841863,0.27365832310406635,0.2840925916701792,0.15345123034086103,0.01435935417024197,0.15443514030612804,0.40979622211004285,0.05201399089293528,0.4496242482320032,0.1593961019912133,0.6950839010398604,0.77161841074441,0.01019675380872498,0.33882263109807403,0.0007677901765749283,0.021966107341911466,0.010537156364204388,0.07624878428660593,0.16108521955818644,0.49726320328198204,0.37521906962146734,0.12795999379432987,0.01220060723490366,0.0010493045265095502,0.6736471140897808,0.7703395044708645,1.0,0.8987956034948661,0.010957542496539428,0.011077176436628809,0.00026949297776208535,0.3886227719313175,0.09090064895485228,0.054172106278227265,0.40534143489949936,0.021966107341911466,0.0024642976240658965,0.08314719296431002,0.21502430720746474,0.004738236133572041,0.00020669142804739807,0.01189015664899552,0.9260432711840481,0.007889864784538252,0.033087755598265274,0.714350614550856,4.169493125062288e-05,0.0024283055962140833,0.03162717246617529,0.4544435371535651,0.08802568396384884,0.0007331148504731027,0.08080376350033358,1.0,1.0,1.0,1.3947774961789473e-08,1.0,0.030279065182202396,0.011314557689692814,1.0,1.8184603674021007e-07,6.81910854634788e-14,5.1606720382180025e-08,0.00014560361354840737,,1.0710836792104398e-05,1.077646690030298e-08,0.08080376350033358,0.4830992878504594,0.0002203953243143449,1.6837390814736073e-06,0.00025555668825975685,7.709157725122168e-06,0.0002233590609655843,0.00013471433879545355,0.0004109285529813212,6.743815536584144e-06,0.02338862952698943,1.6503764291586396e-13,2.9983950709428974e-08,6.74384300317012e-08,0.06911257775633262,1.0,1.0,1.0,1.0,1.0,1.0,1.0,1.0,1.0,1.0,1.0,1.0,0.0014029379923399478,0.6540769835183018
pcd027,0.7074477269027203,0.6526546352526796,1.0,0.8949411010194166,0.903902505700369,0.7568933479966852,0.33608113806250806,0.6711867202472164,0.8955969269416268,0.7177399573527317,0.9779150233722435,0.8278124973617428,0.671295987735396,0.06837255816823934,0.03564123070825863,0.8684482883705181,0.2630432571699689,0.10568252331993033,0.593797549613702,0.8318194005755247,0.2315032526262944,0.7230382236792354,0.9005483938817616,0.31275319793500644,0.0535265175346815,0.5881050664312863,0.26369859278331886,1.0,0.016993555168783106,0.028665817383059143,0.4070724089248735,0.018158275105417766,1.0,0.22751336910528527,0.6748035937049502,0.03792871871526955,0.0080080002790325,0.2671937506052372,1.0,0.05115964308567028,0.04118221636763993,0.052581558802559596,0.2744404953790526,0.12707643051695575,0.1535990105123618,0.00011492750773800025,0.0024676232214229906,0.7826952271132219,0.05534551270463556,0.24571445764829025,0.8058175521803814,0.958368274962096,0.16126349422172764,0.8267093364741941,0.5173943537346612,0.5621731131791057,0.6244642444939177,0.823598811277964,1.0,0.9377969636693171,0.014939912069272976,0.07094522532868429,0.18810636713956053,0.0001915084459634152,0.00033356781835587514,2.2980769439220766e-05,0.00022660207608117045,0.00201269168369008,0.0010138984002522093,0.009134589323743385,0.2029623459961434,0.01741855361378006,0.012269039499370577,0.00015008611073067884,0.15389393082441422,0.0317239672523608,0.007745411288401487,0.013859410431366612,0.02436068480479435,2.0267291834525324e-05,0.036917216046411426,2.566547964744053e-07,0.20708458907377025,0.0021251457079388943,1.0,0.020398904641993586,1.0,1.0,0.035453261747647936,1.0,7.244379809023716e-11,2.954025505465444e-09,0.020398904641993586,2.8073076695852266e-05,2.11946747214803e-15,4.656291264427281e-06,0.30249016325626066,1.0710836792104398e-05,,0.5035129240443619,1.0,1.0,0.023756071346217426,0.0010100183190626254,0.002820087568339111,0.03641917216882702,6.538685047310538e-05,4.02723672426292e-06,0.002481711759297081,0.00012792431706392946,0.0020128470502061603,0.0007766732615144093,2.509059554693965e-06,0.0016124972117361868,0.5985902894253161,0.020398904641993586,1.0,1.0,1.0,1.0,1.0,1.0,1.0,1.0,1.0,1.0,1.0,0.8417277867327533,0.04617762706840874
pcd028,1.0,0.5085478006468239,1.0,0.9907726113779927,0.25953331876231095,0.4127636117836405,0.6923042063019177,0.7204872178600339,0.9468638541485538,0.963315453112248,0.9490738207409389,0.9055454638070264,0.46487332848204765,0.5312241896347369,0.5161934838368047,0.9858896469200977,0.7116554141734697,0.9320899534216542,0.2869163748183833,0.8527999770668202,0.9821981899468502,0.40652056784985224,0.9849262211301549,0.712270973112868,0.696590609862314,0.9397477425971537,1.0,0.0018015600257033709,0.48893679201341134,1.0,0.43060501159328723,0.23174635940487587,0.8303663532490999,0.6640972219073856,0.8588012865294282,1.0,1.0,1.0,1.0,1.0,0.732280563119889,0.7133816440464088,0.7564751214249673,0.9781005236737776,0.00698772338559002,0.004222879653689233,0.18864191316152196,0.18132934904328205,0.9456402181399247,0.9071373469371962,0.9698295001228707,0.2393245174335215,0.6631675127236065,0.18329722943761245,0.9279295179767181,0.7649661915759883,0.9668232410127139,0.9728377583433276,1.0,0.9909285943875542,0.20169405237043905,0.8934345683979786,0.8688800946052395,0.8544904530575287,0.5165738605178279,0.869868022743008,0.974549472946666,0.4388288316644202,0.3346502374808517,0.5626029257107892,1.0,0.40915254823608294,0.01556975753275486,0.8911786110664385,0.14902645337658896,0.9256572016381631,0.9079083286693213,0.971679726499868,0.7976369017404337,0.41016447461116,0.8688216970775794,1.0,1.0,1.0,1.0,1.0,1.0,1.0,1.0,1.0,1.0,0.32277002211139266,1.0,0.12735078013588394,0.8717547760832308,1.0,1.0,1.077646690030298e-08,0.5035129240443619,,1.0,1.0,0.9965927929979825,0.3620465030967923,0.8139516751878919,0.11015077646485712,0.9967720605601329,0.323795529143186,0.01763001667013143,0.5761005626903973,0.2696462511194811,0.004453927956586171,0.0766134968292434,0.9671090616464098,1.0,1.0,1.0,1.0,1.0,1.0,1.0,1.0,1.0,1.0,1.0,1.0,1.0,0.9758480032273199,1.0
pcd029,1.0,1.0,1.0,0.8825300797835082,0.6769274528651418,0.9655259543848325,0.9294228055361013,0.7412637724259548,0.6409181605068974,0.9082441306668751,0.8369187692070906,0.32690784179825455,0.8585934425898185,0.8816990258877032,0.8766763903706368,0.8987973025312358,0.9345366591281451,1.0,0.8803579050961463,0.9338103976049266,0.8585934425898185,1.0,0.9932747441722651,0.7378306723938011,0.8514914690255341,0.9159439192223913,1.0,1.0,0.7575302884638574,1.0,1.0,1.0,1.0,1.0,1.0,1.0,1.0,1.0,1.0,1.0,1.0,1.0,0.9459664947756146,0.9035493844825129,0.868164706189738,0.9330827130488345,0.8572797963762016,0.8487969424506299,0.8350617204706079,0.9807885937808284,0.9939210803599201,0.9814286694213711,0.9529326494129963,0.9788707317991301,0.9852224714186768,0.9480704279719196,0.9933070997193171,0.9945339452584688,1.0,0.998187867052669,0.7070532296692318,0.30199064682960564,0.9412901317853924,0.5770051066867111,0.40269769945044903,0.2998964315671758,0.19967269556347153,0.8487969424506299,0.31450021842457443,0.42551783666411536,1.0,0.7126993133569489,0.4367156433412853,0.30408228199240744,0.6846199142825268,0.26607910265197204,0.6098060382026412,0.4007707841248766,0.2554135854999899,0.09363348046774461,0.9724000972807992,0.15247987301786328,0.00017237428613047214,0.012834253929039972,1.0,1.0,1.0,1.0,1.0,1.0,1.0,1.0,1.0,1.0,8.237950825435246e-05,1.0,1.0,0.08080376350033358,1.0,1.0,,1.0,0.4622863908153173,0.5846127735820854,0.26394900349069456,0.3988400306355012,0.14072613019207159,0.8101711711508565,1.0,0.8030287533618135,0.531041971664823,0.00028413053155920887,0.010331315374984544,0.07398597743202626,1.0,1.0,1.0,1.0,1.0,1.0,1.0,1.0,1.0,1.0,1.0,1.0,1.0,0.9951456973374156,1.0
pcd039,1.0,0.24729258544573035,0.4511467580287719,0.12067215190651827,0.7233124160301948,0.7996822514431303,0.5498951557525895,0.5704940179277043,0.7867828684763731,0.7079908643895706,0.27704724766147293,0.4063243297433403,0.20318365917778308,0.8399938152388271,0.8626803073182174,0.7255201800894076,0.012803947809332793,0.573533911281998,0.7400636754152743,0.8138804177388389,0.20318365917778308,0.9583491133105106,0.2533648560982173,0.9859893936360916,0.9258703453508492,0.656812901819742,1.0,0.9757940310458281,1.0,0.5593419785347289,1.0,0.16398307103783427,0.8606074576035495,1.0,0.8332488085358359,0.24729258544573035,1.0,0.844313422624421,0.5265345872804748,0.7944360698198982,1.0,0.0014408364536860861,0.8461599189941074,0.7371171130669626,0.1713479394529681,0.8119746307304383,1.0,0.2364216164989662,0.014891444380615881,0.9433333136996204,0.9818304935132925,0.02659758608473785,0.31390504958179305,0.9377969636693171,0.956216148575886,0.3699314081603301,0.9800076934982925,0.9836522365044864,1.0,0.9945603747830317,0.6584912801670919,0.9877167744914833,0.8983730974000476,0.8028043283839883,0.06487464221713937,0.9870223457965634,0.6224939340698529,0.6107950446313071,0.9913911211543965,0.9896032064746633,1.0,1.0,0.582556238143376,0.5290266747873261,0.9412836487712551,0.9710676574531835,0.850348399475163,0.9933955300161508,0.9652236588442741,0.7663820360487633,0.0877156453240066,0.6435575223996264,1.0,0.2245554576279619,1.0,1.0,1.0,1.0,0.005259584606757159,1.216213216978252e-16,0.4830992878504594,0.1415241501578673,1.0,0.03470837121654638,0.08129058194568219,0.5514540701022408,1.0,0.4830992878504594,1.0,1.0,1.0,,0.0982437983664927,0.8139246036087797,0.9714393885179177,0.5214980823564697,0.8536603509625281,0.9877167744914833,0.10995288953020091,1.0,0.7331235331649495,0.9099821341508321,0.8461599189941074,0.058199667763972715,0.0010837603370915437,1.0,1.0,1.0,1.0,1.0,1.0,1.0,1.0,1.0,1.0,1.0,1.0,1.9911874153936782e-10,1.0
pod001,0.00015853574932655015,0.0027164284915074935,0.006691766677830495,0.00014221181950146191,5.650616806248808e-185,0.00017707466959861366,5.050104533544608e-90,1.4758007245663043e-92,6.473365648041338e-89,1.1475760804199329e-90,6.905765490159055e-08,0.2405355711554749,2.0581821552480464e-08,0.7509880551985828,0.24343741076168487,0.9129354278388718,0.029280553352854847,0.5927632726103984,3.5033459167190393e-07,0.03802318806728112,0.056558466603910784,0.03640644089995289,0.551338156552323,3.495119780935071e-180,1.1087969801215893e-60,4.879289385751832e-90,0.003314369984340701,0.09108189671058743,0.4728286829823939,1.10872200653552e-05,3.2295898683924906e-05,8.474721327663559e-19,0.006200301914687712,0.0047183343464698374,0.450439905379175,0.04746438506734879,8.454930368102524e-07,0.00013220312076803255,0.03544679003805771,4.951784795478698e-07,0.03229733273161657,0.00014295931986841196,4.156492783255362e-90,8.539748855991522e-183,2.9677884213604736e-180,1.8164931501464975e-180,1.800694521961632e-06,1.3222755717422007e-180,1.000270979454168e-181,1.1689258794030473e-180,3.5946451624434214e-179,0.08548109795287658,1.381858054167652e-179,1.3856705366189942e-178,1.3629357739459684e-178,9.535569488304747e-179,1.4788499173305345e-178,6.00646583087171e-179,3.5533891276876405e-181,1.4118408886413996e-178,1.426988117457528e-184,1.883155399228883e-184,6.28053299154351e-08,1.0263998421048291e-91,2.4673676718825515e-184,4.3768678686640186e-182,2.4926113161881287e-91,7.661531247233451e-185,1.057985066715299e-185,1.8077599171845893e-186,1.3481444723792879e-08,3.410184501551281e-13,2.3187169727868938e-94,2.4059715899447e-193,9.582443788513384e-92,1.0007356417982978e-95,3.318788228970544e-189,1.0228400977872438e-98,7.38694202462811e-95,2.0144852775022463e-99,8.238992108900249e-181,0.01691405079850581,0.0016392361602946884,0.0615061662772275,0.4622863908153173,0.4622863908153173,1.0,1.0,0.11629498068084176,0.4622863908153173,0.18788641101498077,0.10017121874465956,0.721490143954123,0.020097291648883155,0.0005767832736680577,0.0045943441347915896,0.0013129959657093605,0.0002203953243143449,0.023756071346217426,0.9965927929979825,0.4622863908153173,0.0982437983664927,,1.6731831503670794e-116,1.943041806662062e-199,1.4679621778626165e-195,2.2184581016118072e-194,4.7709925212239917e-188,1.5351449171792962e-27,5.168276204135133e-36,8.864448565532635e-100,2.0136888347455657e-184,1.1340596354957106e-186,1.0009158590277566e-99,0.08631914557950163,0.721490143954123,1.0,0.721490143954123,1.0,1.0,1.0,1.0,1.0,1.0,1.0,1.0,0.4622863908153173,0.527181488837688,1.9347039752759722e-08
pod002,0.0297182840333668,0.6317518604738666,0.02405239418771752,0.015375973349916975,2.3776519163484268e-91,1.3883448729203164e-44,7.294552885882178e-180,4.26146023329981e-180,4.745122857114013e-180,1.571406572758832e-179,3.9195124258447945e-08,2.3321740505484673e-89,4.1079349974240606e-92,7.69601369321751e-44,8.700555756089435e-93,6.1293656752564595e-90,2.799102665497959e-89,0.04620790406010883,1.1160809068617395e-06,0.059619091062742255,0.024180431328437273,0.00012738569649933676,0.019866783652500657,1.1352706566135884e-89,8.801652616365202e-121,2.1715228775762955e-179,0.026679714775925376,0.3999342319891912,0.33110223618096507,0.01174452731630928,0.0013450146888914789,4.982360832665137e-19,0.021217989680087385,0.0007554726786366102,0.1352357291826391,8.520801887021873e-05,0.008211040448182551,0.05674366511795006,0.5229580816664616,1.0469186384831742e-05,0.10500092832915983,0.0015800021037097425,9.050153617514626e-183,4.271376856597525e-92,1.6883847579838427e-91,1.1861135822620392e-89,5.181989019665528e-07,1.0264181250807236e-89,1.9070507706006672e-94,1.7347935348056775e-92,1.2534219833434478e-90,0.04911343885272072,3.267081510714893e-89,1.476323122350865e-88,2.6149546079516923e-92,5.9142670747064624e-92,6.181313345885057e-89,1.3466438937421282e-89,7.656421192084057e-91,5.48681867437567e-89,1.3223505293674474e-93,6.1477111277332475e-93,1.3918194544897845e-06,3.878130547893206e-49,1.244435951987054e-95,1.8358405130286964e-91,2.5459179238891157e-45,3.3522404719868267e-95,7.602743504051792e-95,4.4967789733382667e-97,2.0758544698586396e-05,6.002961907918149e-06,2.417480855727659e-54,4.1871195071409396e-101,4.170550839925299e-182,1.6143752525262355e-183,2.6673723338007534e-107,1.3723017195528307e-188,7.187082851986564e-50,2.038442031888047e-183,2.3950528600445834e-89,0.05617889035830781,0.003438085900127108,0.006483642600545595,0.5846127735820854,0.5846127735820854,1.0,1.0,0.7165182179187002,0.6241518351298048,0.002299140851395374,0.04391131595449839,0.5846127735820854,0.030267592471379293,0.001585497847018824,0.00022683338114234253,9.922164137132636e-05,1.6837390814736073e-06,0.0010100183190626254,0.3620465030967923,0.5846127735820854,0.8139246036087797,1.6731831503670794e-116,,2.5084325051955607e-112,1.415875523075072e-119,1.575359386316383e-107,1.3233997151267992e-104,1.6941737248333933e-29,3.006966284175549e-29,9.230542031254779e-64,6.2227060976023e-94,1.7323035837899027e-95,2.4943519523162786e-192,0.661482039082753,0.5846127735820854,1.0,0.6241518351298048,1.0,1.0,1.0,1.0,1.0,1.0,1.0,1.0,0.5846127735820854,0.5599133734952885,0.00012758683418306763
pod003,0.00027999421539891397,0.40428231837044915,0.0997438833479536,0.05604550445759436,1.9815533112388e-180,3.648524890812108e-08,1.1930856738547382e-89,1.1226744491857478e-90,1.4148667276802134e-88,3.4734146011218076e-90,0.0005646468866296799,0.7218619331880411,0.0031527281280554686,0.6234613889514837,0.6624158150198414,0.688124904561889,0.6041765002384325,0.024144526044359186,2.08991513019981e-09,0.3908909034562046,0.4730757278320239,0.0026422935468028274,0.5984653186814579,2.991379505166519e-180,3.3283592016521457e-59,9.722138635437514e-90,0.02060767072758372,0.031491365484477826,0.268011800895656,0.09051648039119038,0.015454163389715985,1.260770229360033e-08,0.004044791566711329,0.2637466553401066,0.37907126341357666,0.13009309302304334,9.286186110019926e-05,0.04120683829736016,0.946739576541173,2.6964709996797905e-08,0.06402387820519788,0.04313845257222284,2.6171186164731948e-90,2.5637172274238197e-179,1.3559935561694766e-178,5.9427422028291035e-179,6.338489037290164e-05,3.3851229015742428e-180,1.7220398763525862e-182,2.6740302550253335e-180,7.585994068812652e-179,0.49730562746522,7.279601599147271e-179,1.3725613460228983e-178,3.793012816439576e-180,1.5408335931533147e-180,1.4537686817589788e-178,1.2044753443884447e-179,3.5533891276876405e-181,1.0152396481340373e-178,4.899029533059179e-182,1.6457939498688082e-183,4.008748562629613e-05,6.307751534119492e-91,3.6843115801363694e-183,3.693530920279705e-181,1.8875389026520766e-89,4.594813906332918e-183,1.1011470390027947e-184,1.013426517019784e-186,2.1343859817849215e-08,3.3204669346914227e-12,3.623064976975308e-103,3.636510841947935e-204,3.1074115861128696e-94,2.0756746912250814e-99,1.6210665745167742e-190,1.2349056764685099e-96,2.573113539197383e-100,4.6422006680360284e-98,1.342433380800291e-179,0.00013541344935013203,0.0009309232774756343,0.004927059124027964,0.26394900349069456,0.8275526874305119,1.0,1.0,0.8068983398891973,0.8275526874305119,1.6521178588120244e-05,0.001217977142680721,0.26394900349069456,0.00027878876388491634,7.480754342717139e-09,0.00026235354253490497,0.006239611854537971,0.00025555668825975685,0.002820087568339111,0.8139516751878919,0.26394900349069456,0.9714393885179177,1.943041806662062e-199,2.5084325051955607e-112,,1.7804470462228617e-213,1.229808685421069e-205,8.076433277827875e-200,7.012948808763727e-20,1.4264325742237867e-21,1.527588098373026e-94,1.0283915926133778e-194,3.134964787724354e-194,4.637690946619329e-102,0.31899558417779844,0.26394900349069456,1.0,0.8275526874305119,1.0,1.0,1.0,1.0,1.0,1.0,1.0,1.0,0.26394900349069456,0.9285407907515745,3.0847924026158305e-06
pod004,0.000325022197013407,0.6194068920763488,0.2530432743852792,0.011676608663529672,1.1527362361809635e-181,1.1486174793602472e-06,2.0765817472172062e-90,4.73943258410606e-89,7.704343663378291e-89,4.822788273556596e-89,0.00048361073130022777,0.20243271961326872,0.08359384099855244,0.5549727552020558,0.5617710178400355,0.46791987627218745,0.4882671741033906,0.004087127556072621,3.7854987117478144e-10,0.056446027350129054,0.1197907622356867,0.026819155927796146,0.36305511895506065,3.351936427043719e-179,5.35716928965101e-59,2.452531479209775e-90,0.1627381145571237,0.05279488086089717,0.26439563859964427,0.292121679339162,0.07240758330242111,1.2198830279907658e-12,0.010249511401795716,0.2637500784825788,0.9109811199757828,0.007341509635609654,7.795537153991305e-08,0.12542728118579177,0.7033436448785644,7.688444634697102e-07,0.04014232666876482,0.052655243780008874,2.9359279744604325e-90,8.133570223124933e-182,6.61049548574594e-181,3.3907963537729065e-179,4.298619201699074e-08,9.184312112604025e-180,2.5059283219582814e-181,2.3290747885723556e-180,1.2532175820332036e-178,0.35477319209504504,1.4633455941854368e-178,4.008988435254716e-179,1.4410824366731406e-179,1.6646142673548076e-180,8.814865985021079e-179,1.2026518446133903e-180,3.5533891276876405e-181,8.570544597665231e-179,1.286431464937611e-189,1.393846481530708e-187,9.140365452189183e-07,1.6163547599725662e-95,6.7844096917998e-187,1.644563573751388e-184,1.2098764353230353e-92,2.0029822647936554e-188,2.0917033224008077e-187,1.2030469872506231e-190,8.20825616534652e-06,7.851516284148979e-12,2.9913959627605025e-101,2.785768673076422e-191,7.082960768714261e-91,3.0656899970244763e-94,3.4491531641045637e-194,2.192234687978839e-94,1.908794652410651e-96,1.3231470175561887e-97,1.221211086021736e-179,0.006168146396552908,0.0720309497091498,5.0879672854838956e-05,0.3988400306355012,0.3988400306355012,1.0,1.0,0.9866637185328675,0.7602767040991892,0.00036681040163068766,0.22531027283201813,0.3988400306355012,0.1352507718847853,3.4175837036623243e-06,8.34295673192324e-05,0.0001321254416536661,7.709157725122168e-06,0.03641917216882702,0.11015077646485712,0.3988400306355012,0.5214980823564697,1.4679621778626165e-195,1.415875523075072e-119,1.7804470462228617e-213,,5.893366122012329e-201,2.290210473845038e-199,1.3330462537753351e-22,2.2927870495753116e-27,8.639355713833887e-97,5.29648338795675e-187,2.3958469779083245e-194,1.4398016575755738e-97,0.9912678209464943,0.3988400306355012,1.0,0.7602767040991892,1.0,1.0,1.0,1.0,1.0,1.0,1.0,1.0,0.7602767040991892,0.44852919749824494,2.758751002548161e-06
pod005,0.00033794049141245956,0.19527232256107344,0.005001815625805191,0.11319230673959624,1.1177691069554535e-182,2.0343941482851374e-05,6.880189470891625e-89,4.138880571970595e-89,1.2218170036183974e-88,5.363247415854151e-89,0.00016945575615096934,0.5111968181433746,0.02918503203290389,0.7507307353458164,0.08809004938254873,0.5048346893401761,0.417775289888465,0.5815627315562503,4.371126401161776e-07,0.007574778480075097,0.02918503203290389,0.2976008658973786,0.19588873717510072,3.8097515193726966e-179,7.864896970989026e-59,3.339000837747697e-89,0.7844265208377798,0.08886485394051939,0.31674108745451207,0.5624475826116714,0.0015528790601766014,6.466083585357713e-07,0.003059194020572397,0.5102805325202449,0.5983775052396945,0.002826567274246984,0.00011191602958520424,4.557323885906373e-06,0.625929411237496,4.335985482747743e-06,0.16756526094086532,0.16065493637473185,1.4187144858413e-89,7.03971327770597e-180,3.771334619378493e-179,1.2891088733445978e-180,0.0007429084839297975,1.2352758179779373e-180,1.8683092734886743e-179,1.0110032185712484e-178,2.9135661072287554e-179,0.07281683459294268,9.89761795201872e-181,1.261897427972196e-178,9.29261903235401e-182,1.0183622613544399e-182,9.57151887704046e-180,1.6639974083646345e-179,3.5533891276876405e-181,2.948127004881619e-180,2.170607528746703e-182,1.0760137223039593e-182,0.0015894937996443084,9.447624681915408e-92,1.9117200573553284e-184,9.225219726583963e-182,2.0731215087236154e-92,1.2672715547037375e-186,7.580351321975367e-186,5.5227757957862116e-185,2.019314451966464e-08,7.823553429972216e-07,6.161070581586175e-95,7.599858980414431e-195,3.7169556036893585e-92,1.2685706800471802e-97,7.214849012880795e-190,3.2480189045462514e-98,9.254896690164927e-98,1.4055136599571223e-99,7.78099614844066e-180,5.194397840853289e-05,0.0025903940918876153,0.07628808774568466,0.14072613019207159,0.14072613019207159,1.0,1.0,0.11130493866975201,0.8791955193189691,4.1275246436871685e-08,0.21589256065932436,0.8791955193189691,0.6378857805451223,8.725619621363067e-11,9.698474161560289e-05,3.305728019795444e-05,0.0002233590609655843,6.538685047310538e-05,0.9967720605601329,0.14072613019207159,0.8536603509625281,2.2184581016118072e-194,1.575359386316383e-107,1.229808685421069e-205,5.893366122012329e-201,,3.0545569265596637e-201,6.877960511447848e-20,9.583542234039967e-21,1.423866874697123e-97,4.008961392398331e-202,2.054153908898369e-202,4.962521313478491e-102,0.7278979172406701,0.8791955193189691,1.0,0.8791955193189691,1.0,1.0,1.0,1.0,1.0,1.0,1.0,1.0,0.8791955193189691,0.024601423726919997,4.192420864303946e-08
pod006,0.000265305598188575,0.8610910110792757,0.17464162848331952,0.8852008365267731,1.1085728343330078e-179,1.0934853081792678e-05,3.583766021771999e-89,1.1130523507856109e-92,1.370346790291227e-88,5.011495462256487e-89,7.638464089338848e-05,0.09702679336491224,0.061050478068603684,0.25144060233424853,0.4555448682586365,0.16061854935741945,0.5069074933045268,0.33170267159865224,3.546866575859365e-08,0.04938552244686443,0.024214197185177713,0.022258938689149483,0.5890361512632731,2.0903809197640207e-179,1.7170742565629966e-60,1.636880069758043e-90,0.7697236466490794,0.06414087468556558,0.5178724287498744,0.003490165571142752,0.01893966175197615,1.5288664553690086e-05,0.020895193657796334,0.5986205467269141,0.8369799669005377,0.001604735191234062,1.7665874343901945e-05,0.008920004289938954,0.049347549486319094,0.06362476660399552,0.10377244071297052,0.027548039340224244,8.500963153298259e-92,3.7810818193750946e-182,5.24061775029367e-181,1.0371108128066507e-180,3.6706662923032813e-07,9.019528525594886e-182,8.680133669871097e-182,6.442526230158655e-180,9.097691611656082e-179,0.07071482245217671,6.50130309492878e-179,7.610946330735887e-180,2.355080565907653e-180,1.5149288498545822e-180,1.1875828316268796e-178,1.3079964563099646e-178,3.5533891276876405e-181,1.2094292702040294e-178,1.2999333455270446e-182,1.600034094916615e-183,4.742970288176517e-07,4.383284929184488e-93,4.968706966125245e-186,3.88675263068303e-185,1.4709162748686226e-91,9.383792527366016e-187,4.1053908755099067e-187,6.499566385602194e-187,2.3597326444479148e-07,2.166328118073404e-09,1.346138647367228e-98,1.007775549072645e-195,2.0483954914870196e-94,1.7881416626870835e-97,1.7874778577563075e-189,9.731459295540339e-101,1.2756555157262198e-105,1.225917251101063e-93,2.818897683511952e-179,0.00013344118532564528,0.002412814204481698,0.000187435824079874,0.30199064682960564,0.30199064682960564,1.0,1.0,0.4403233096724114,0.8101711711508565,8.467381140433784e-06,0.05309120097604728,0.8101711711508565,0.00660741506334003,1.947588596041238e-06,8.005303495446376e-07,0.43728313432890253,0.00013471433879545355,4.02723672426292e-06,0.323795529143186,0.8101711711508565,0.9877167744914833,4.7709925212239917e-188,1.3233997151267992e-104,8.076433277827875e-200,2.290210473845038e-199,3.0545569265596637e-201,,1.1633123824141754e-16,1.8960209115013172e-16,5.223257753491331e-100,1.4234347770104882e-190,9.920788314659484e-194,3.9960731325153236e-97,0.7836324604824553,0.8101711711508565,1.0,0.8101711711508565,1.0,1.0,1.0,1.0,1.0,1.0,1.0,1.0,0.30199064682960564,0.9774668351415277,1.1703132979787535e-06
pod007,0.8485167096116296,0.7656430445514115,5.531977246107071e-06,1.9233850953004125e-07,5.652622176450015e-10,0.08668392860121296,5.6564262640918416e-05,4.2923039342816365e-08,0.0560800774182624,0.000536631685638163,4.672966931943961e-20,0.0014114350085035194,1.3050605733736149e-09,0.0021631967879121097,2.0512779537565006e-10,0.00028400732589012025,0.0011843847105873179,0.0001427699099143753,4.885262126695802e-09,2.4066980331725437e-06,6.449382368984798e-05,2.2907196329874212e-05,0.14775395926827714,0.0020173318697726014,0.0013861078102549796,7.495863350122778e-05,1.0980172656442508e-05,0.9926760656305906,0.9609767495471404,2.5889368886500075e-12,1.9846310863180255e-13,5.82132855963277e-47,0.03290095960261894,0.013983858081450735,0.0005661679946838624,1.5192582928747022e-09,2.955387128740403e-12,1.56063493936377e-05,0.004193952565005189,1.0952664642164599e-16,1.0343717727154892e-10,9.793189501846892e-14,5.75529386494628e-10,2.2838856592714828e-11,4.2372104877850025e-10,4.2952106387887677e-07,1.8479277870094442e-13,1.254192349111805e-09,1.570078276968452e-06,0.0011001358736784667,0.03803408584287343,2.4981549147664456e-10,0.0026225785077416226,0.052914657448433815,6.048873048893997e-06,0.00022555518806670888,0.27349304389673545,0.07583961078805733,1.0,0.6914616955362454,7.454852813090615e-14,7.254086981494611e-13,2.5273507433184996e-10,2.6779421189275127e-05,1.4421304485500446e-12,2.3431079340880764e-07,7.515227317736742e-07,1.254192349111805e-09,4.688722486845324e-12,2.6178493529738535e-10,0.00015469631853170588,5.932295716171837e-10,9.231706326455873e-15,2.807166863235115e-10,0.0005928126416182546,1.1213156467201387e-06,1.4647353094114172e-10,1.4137578696204638e-10,3.1866933751802504e-06,8.42578616266354e-06,0.0026363659432783178,0.00010198946188533837,0.0850584968440876,0.007928996689824086,1.0,0.8131932685988789,1.0,1.0,0.7594696790881019,0.8131932685988789,0.001169510512098383,0.1133809991494593,1.0,0.3907548069387017,0.037259558157011326,0.005818561416960438,0.03446845423620664,0.0004109285529813212,0.002481711759297081,0.01763001667013143,1.0,0.10995288953020091,1.5351449171792962e-27,1.6941737248333933e-29,7.012948808763727e-20,1.3330462537753351e-22,6.877960511447848e-20,1.1633123824141754e-16,,1.8295261677148694e-44,3.76763063205084e-20,0.0004995036921460084,7.361487061225787e-09,1.589409981915715e-07,0.06524279724339938,1.0,1.0,0.8131932685988789,1.0,1.0,1.0,1.0,1.0,1.0,1.0,1.0,1.0,0.7983032631577509,0.0006736067631856826
pod008,0.9820775400521502,0.18992554593254146,0.002092671956451744,1.2026881767106848e-06,1.0683615321192845e-09,0.024710751351251864,0.0020082029220949787,1.0967976464302112e-06,0.36564746876013043,0.00013269910455413598,8.520453404498076e-10,0.0005692503914585142,3.867744203281623e-07,0.011796659081430289,0.0031300190284609427,0.007963779907341954,0.0015853413683424688,0.0009989224025863,2.2155054664151576e-05,3.5081275504202437e-06,0.008021836400569915,0.019988819585465455,0.9232931286531076,0.08159679982720451,1.0010399699451173e-06,1.542261198512942e-05,8.649076147195738e-05,0.08611744578170027,0.8299542753194338,5.102982358970925e-06,3.051653052980657e-06,1.6773358553596527e-23,0.09968334685716801,0.008569813461852462,0.1494200606636772,5.814105995174177e-06,0.00024311185333993876,0.000666533256042752,0.015562230925079365,2.445831761462354e-09,4.7481105383968765e-05,1.6557846578857317e-05,1.1755275104684696e-05,3.28826807571683e-10,1.1270510284752738e-06,6.325376690621881e-07,1.185141210979249e-09,7.727123367930603e-07,5.704497933088733e-06,0.0031595271251678306,0.14967547293522881,3.7266742656457346e-05,0.2602957586250226,0.01738292958782522,0.00020956510845673216,1.4646353300709447e-06,0.0809415735323192,0.010907212760117855,1.0,0.6925180826285375,1.0092057561926874e-08,4.838072373925797e-07,1.1886517312010226e-12,2.607501915743842e-06,1.0569735203256356e-10,1.7342018213959947e-05,0.00014228802849571443,3.172962629834154e-11,6.777986269822938e-14,7.046863586984708e-10,1.4144886514475716e-07,1.045351795281259e-10,1.55999988371157e-10,1.584116319615938e-14,0.013839317407414863,1.216465375206753e-09,5.341493189296006e-14,2.790595586267507e-09,1.0202104828408985e-09,2.3429513362267117e-08,0.005581345192246178,1.4580298039986756e-07,0.01982603959775953,0.0018359337959483997,0.8030287533618135,0.8030287533618135,1.0,1.0,0.2825422798030338,1.0,6.743815536584144e-06,0.09929905449384831,1.0,0.3649874476379029,0.0006132483993471316,0.00023422637441974041,1.1307192059649567e-05,6.743815536584144e-06,0.00012792431706392946,0.5761005626903973,0.8030287533618135,1.0,5.168276204135133e-36,3.006966284175549e-29,1.4264325742237867e-21,2.2927870495753116e-27,9.583542234039967e-21,1.8960209115013172e-16,1.8295261677148694e-44,,8.414228936471869e-27,7.644633031118955e-09,1.5121631400233423e-13,3.466839926199798e-14,0.30062609740271873,1.0,1.0,1.0,1.0,1.0,1.0,1.0,1.0,1.0,1.0,1.0,1.0,0.7780406600405124,0.544720059479918
pod009,0.02779986987940948,0.750353982179793,0.021110984125942592,0.07457431385409519,6.919219467772059e-91,0.00033071473906188696,3.906370546703125e-46,8.007500883812614e-48,3.0254136381245693e-45,7.501265049527728e-46,1.2098297959140107e-05,4.779785943077615e-06,7.253296107132302e-10,0.00032025214741351627,0.0006842231518327861,0.003276098766144735,0.07525738163722148,0.3536200053917203,2.95667295723806e-05,0.16971313949312308,0.0024178148150994757,0.014112185013933238,0.0010146412859714632,1.4396363479516207e-94,5.611276470661224e-31,4.099260682334196e-46,0.0007060391660955694,0.19054241268424527,0.7152449796374377,4.476962695074778e-05,3.377013680130486e-07,2.0607462816332624e-13,0.0263209289398176,0.25364101953596896,0.07471026555105938,1.1388012125130006e-08,1.1915331668301992e-07,0.04522499829098019,0.03584347162136823,0.00019336795092138155,1.449639997599743e-09,5.648358661662344e-08,4.60670839164672e-48,1.4684539110957098e-97,3.664100078425516e-98,3.238124151344393e-96,7.218600039700276e-07,5.2192695789761174e-98,2.9710125860945654e-95,1.6065553631006994e-89,2.018145194336348e-89,2.6349683319049858e-92,3.272205806188669e-89,4.841685799308393e-90,1.402394712933316e-91,2.5399735485652004e-96,4.106096763531006e-89,9.25479226842139e-89,7.656421192084057e-91,4.530429628268263e-89,1.0189812035238305e-92,2.5852999624887833e-94,3.2442608843752556e-08,1.1376303328662257e-48,2.0001131291113654e-96,1.6315149264961372e-90,1.4467322611771567e-49,4.879752117081788e-94,2.1929613270309244e-93,1.9341582284441384e-90,0.2191672452861566,0.00026218966711218913,1.7049821772374957e-51,1.0373563082725829e-89,4.813057736037882e-45,7.370685564943598e-48,1.525520477527416e-98,8.503486198248095e-54,2.2750298270237377e-48,9.331636443008671e-46,1.0186759553662047e-88,0.0005368985940895139,0.6086354034358226,0.04039482251475599,0.531041971664823,0.531041971664823,1.0,1.0,0.5740205121230132,0.6704328068957163,0.00019125437872860015,0.014248808620723313,0.531041971664823,0.7695481267431997,1.773657336986616e-90,0.0008861896019744304,0.2787646105673731,0.02338862952698943,0.0020128470502061603,0.2696462511194811,0.531041971664823,0.7331235331649495,8.864448565532635e-100,9.230542031254779e-64,1.527588098373026e-94,8.639355713833887e-97,1.423866874697123e-97,5.223257753491331e-100,3.76763063205084e-20,8.414228936471869e-27,,9.371261265925853e-93,9.152836442023909e-91,8.75851419609112e-47,0.5362580088595552,0.531041971664823,1.0,0.6704328068957163,1.0,1.0,1.0,1.0,1.0,1.0,1.0,1.0,0.6704328068957163,0.9980601321071593,0.00281267038529582
pod010,0.0001265568372964157,0.8614336157166462,0.15808448320066515,0.7002609878850532,1.479983100996048e-178,9.455559006584518e-05,1.4278758729649828e-88,7.08982231551171e-89,2.3876215842570414e-89,6.211997059382477e-89,0.0726150067462283,0.8230687570024613,0.1885663957258805,0.9823701523790908,0.9782998206781705,0.9549576556835517,0.9662754022530734,0.729771591056046,2.0113884657413397e-05,0.8643652798979706,0.7024094658682994,0.5787624634184234,0.5620504765609651,1.2492433434854557e-178,3.970133743796948e-59,1.1308778558249166e-88,0.4993264243585427,0.06167175309414404,0.22080394624533214,0.5488040629620047,0.13545314079550183,0.07200192972561732,0.02848866377430528,0.5188946531302643,0.6050110218678802,0.7776124706440908,0.005502284825905873,0.6719360586552173,0.1229866669666575,0.016554524846027922,0.8899823138525029,0.5864633775755699,4.617645134501737e-90,1.0912424590674303e-178,1.286278338832909e-178,1.4727506285198052e-178,0.04350073850380004,5.168520055189482e-179,7.86413841488822e-179,1.247103391897598e-178,1.1680076699843147e-178,0.2788516123976267,5.680639288609852e-180,1.1657147977417362e-178,1.2313530808881668e-178,1.2442639407425408e-181,1.254910597340482e-178,9.612411655640078e-180,3.5533891276876405e-181,1.391771563458116e-178,1.060107804305159e-180,1.2431099443473127e-179,0.07196642116396261,1.7238269163596526e-89,1.4523920963555053e-179,5.396723905407561e-180,4.350808745626098e-89,8.385322305360917e-182,1.6382587349363625e-179,3.697462905033366e-181,0.01854697810110663,0.0013317991187921604,6.093967985973476e-91,2.807458203593376e-184,4.256888741916524e-89,7.758266573125205e-91,8.347760663787916e-181,7.321967463306522e-90,1.208008655888413e-95,1.1048828602308005e-97,9.004465334965904e-179,0.012683869587903802,0.04031475816020207,0.0001468207299832862,0.969119191347549,0.969119191347549,1.0,1.0,0.711985822030433,0.969119191347549,0.0022579606490850997,0.3135330749629602,0.969119191347549,0.02633554696471106,2.73012649312365e-20,0.0016333122436577446,0.0005331408023439549,1.6503764291586396e-13,0.0007766732615144093,0.004453927956586171,0.00028413053155920887,0.9099821341508321,2.0136888347455657e-184,6.2227060976023e-94,1.0283915926133778e-194,5.29648338795675e-187,4.008961392398331e-202,1.4234347770104882e-190,0.0004995036921460084,7.644633031118955e-09,9.371261265925853e-93,,2.937580396804865e-210,4.8552610294717e-99,0.8274995930060639,0.969119191347549,1.0,0.969119191347549,1.0,1.0,1.0,1.0,1.0,1.0,1.0,1.0,0.969119191347549,0.9728993763912954,1.4281085489007255e-06
pod011,0.00018212609083495518,0.8638436352931016,0.12228425499603253,0.6284216283980397,2.5895181734621107e-180,0.00014219896834652984,1.2967287428595498e-88,1.188476389313987e-89,6.887722059926388e-89,2.6168187359193985e-89,0.009808845711410014,0.6386555442075861,0.09646147519313257,0.8067558161635757,0.22822984444863897,0.8123298742738905,0.41847809301004,0.6072131282365504,8.234156450045149e-06,0.13873780497298815,0.6908509827483762,0.5708983456959866,0.13678978236273465,7.049969163240965e-179,1.2029362878448839e-58,1.1714636080392916e-89,0.7534879404103629,0.05782586879427749,0.11137572906102636,0.06579960539363208,0.07551298209317264,0.00048030631124575937,0.013088835917887792,0.023744596276129463,0.7909248201260528,0.0015463151036269958,0.0012604513022403594,0.2844934218771981,0.6233184811536927,3.0109700523243686e-06,0.12112646924340499,0.27684949473671294,9.976897430113091e-90,6.122131288076812e-179,5.965494769635792e-180,5.834224203683401e-180,1.4604190851414387e-05,2.031654998772191e-180,2.2433062103740474e-179,2.4755663435751047e-179,1.4685741055135415e-178,0.006130424244812411,4.079410483981634e-179,8.661197858102872e-179,1.2959015801340097e-178,2.546555873065696e-180,8.27391910269929e-179,1.4346480431128766e-178,3.5533891276876405e-181,1.326142400864027e-178,7.240507396486542e-182,3.058983401185173e-181,0.020040093372724832,2.8562520405801073e-92,1.218592929149885e-182,1.4785038378322677e-180,2.5264007976353553e-90,1.3646762855845435e-181,5.273771218061565e-180,1.9861443976239033e-183,0.0030057726413270456,8.649654609677686e-07,2.341883699469706e-91,1.8504740039461252e-186,4.367360778140959e-89,4.266496994222379e-94,4.285579245190194e-181,5.123893332057257e-91,1.827194167290148e-94,7.19674322977261e-95,1.3692680651590606e-178,0.002175153526653364,0.06045014450368875,3.455736940430994e-06,0.9459664947756146,0.9459664947756146,1.0,1.0,0.35230935493669874,0.9459664947756146,0.008603929019054284,0.029959639919859872,0.9459664947756146,0.0388406061192432,7.517157390504077e-31,0.0005651679902270377,1.274292591476824e-06,2.9983950709428974e-08,2.509059554693965e-06,0.0766134968292434,0.010331315374984544,0.8461599189941074,1.1340596354957106e-186,1.7323035837899027e-95,3.134964787724354e-194,2.3958469779083245e-194,2.054153908898369e-202,9.920788314659484e-194,7.361487061225787e-09,1.5121631400233423e-13,9.152836442023909e-91,2.937580396804865e-210,,9.112622111485175e-99,0.1536843248546727,0.9459664947756146,1.0,0.9459664947756146,1.0,1.0,1.0,1.0,1.0,1.0,1.0,1.0,0.9459664947756146,0.9694244878299194,3.726154969757169e-06
pod012,0.001309121085610382,0.7348695878770777,0.0717156874173164,5.2916929794205516e-06,4.94560563285853e-94,2.6468897189273667e-44,4.8137652236667e-180,4.306238772881318e-179,1.2763366510850317e-178,2.100381009871497e-179,4.865291797491674e-05,9.449272100162279e-89,4.641230546795202e-90,3.9683437964425834e-44,1.5238795354867088e-89,1.0248845931497736e-88,1.009276690053789e-88,0.005040796124427932,0.002983478575768608,0.10385774328754725,0.4315043330970889,0.5283365661778594,0.2199372149940489,2.58207212009982e-89,1.0999665404342169e-119,3.48917751020017e-180,0.0004646274747338954,0.36583650829765324,0.09464724311325584,0.018314573629915162,0.14530089943755134,0.010330676025279805,0.0020306763029869046,0.2928905048891359,0.11809029335030262,0.03162668872467927,0.00017673228636821888,0.5002708444417749,0.7636337082656787,0.009739240505383863,0.7111630955374217,0.671911766734381,1.2317244818974826e-178,4.4563461758371415e-90,2.761325499925099e-91,3.7088334375718864e-89,6.41856316183729e-05,3.152212615723017e-89,1.1227714852000924e-90,3.17584122584684e-94,5.93168198850927e-89,0.040729636859387665,1.4052048982453518e-88,6.920179895036172e-89,2.690958674773898e-89,1.9936949812024616e-94,7.799271430272419e-89,1.2625783085524516e-88,7.656421192084057e-91,1.3156289757342234e-88,1.542761081827335e-91,5.4285597259159085e-90,0.0058817509990704946,4.014753278625494e-48,7.402595595560893e-95,4.944418989525558e-90,1.5428196082815078e-44,3.752225085266692e-93,3.2344144259070775e-90,4.199945215041061e-93,0.00222660526023579,1.9342632790291123e-06,2.0664175026544376e-47,8.968128070912583e-99,4.0380149594348286e-179,4.1353823195246346e-182,7.512637122793214e-92,1.1419620314422846e-179,2.3746568759927633e-48,3.591047496045942e-183,1.5743822829922652e-88,0.00011303543809410531,4.963659963011645e-06,0.0013909947567964358,0.07398597743202626,0.07398597743202626,1.0,1.0,3.193088911027688e-05,0.9066855256592686,0.00012851943188761848,0.16360830819700262,0.07398597743202626,0.0009569670267904801,4.5050908634047856e-11,1.4535347754382992e-08,0.0226367291206012,6.74384300317012e-08,0.0016124972117361868,0.9671090616464098,0.07398597743202626,0.058199667763972715,1.0009158590277566e-99,2.4943519523162786e-192,4.637690946619329e-102,1.4398016575755738e-97,4.962521313478491e-102,3.9960731325153236e-97,1.589409981915715e-07,3.466839926199798e-14,8.75851419609112e-47,4.8552610294717e-99,9.112622111485175e-99,,0.5136469952596516,0.07398597743202626,1.0,0.9066855256592686,1.0,1.0,1.0,1.0,1.0,1.0,1.0,1.0,0.9066855256592686,0.018968165207106945,0.0027844875769454983
pal001,1.0,0.4104344918132863,0.12996323062967663,0.9719650867791283,0.14492822587569906,0.8953859688681474,0.9472543225966719,0.5726606615019415,0.7929947099917821,0.5593655228341281,0.9188680966449201,0.9884798251605775,0.838696231069417,0.9731689644095871,0.7434182571247667,0.10815509653091168,0.9302983463952467,1.0,0.8819174431987289,0.9339622278293875,0.9257199981200673,1.0,0.22684541792537344,0.9720753288942628,0.9038384094697186,0.5886087539580378,1.0,0.5590502945676559,0.7416123803328696,1.0,0.5923076135197234,0.46394337062099755,0.039176850225389755,0.007737088669223077,0.36025031734678037,1.0,1.0,0.3735285640317726,0.9157985379584267,0.3919566801497375,0.5200075819081276,0.08532001464500506,0.7151172941407468,0.9963519260435719,0.7917253083595931,0.9374973526735731,0.41964245963457425,0.8792018916924228,0.9241970485521027,0.8895002822657849,0.9638625715194885,0.9456494791451636,0.7475011545875998,0.87905247214418,0.914051650513696,0.1358630858867046,0.9602740318919705,0.967455741319402,1.0,0.9891111013602226,0.8970639171125507,0.5413478861657395,0.5539942767708772,0.6434660872464559,0.9899667758688858,0.7867103780368087,0.9125584549572276,0.8996047656588866,0.9827945539720276,0.9792400725182364,1.0,1.0,0.8183127955200917,0.976826899650753,0.42278722163128524,0.9427710724540292,0.7222403946086973,0.9867871228373779,0.8448436854843542,0.10801027979254543,0.44212288080654516,0.17051795699451958,1.0,0.004818636783544797,1.0,1.0,1.0,1.0,1.4315603956665361e-09,5.749523110227657e-09,0.06911257775633262,0.4042536586323867,1.0,1.0,0.0064886370955680155,0.10571211538771792,1.0,0.06911257775633262,0.5985902894253161,1.0,1.0,0.0010837603370915437,0.08631914557950163,0.661482039082753,0.31899558417779844,0.9912678209464943,0.7278979172406701,0.7836324604824553,0.06524279724339938,0.30062609740271873,0.5362580088595552,0.8274995930060639,0.1536843248546727,0.5136469952596516,,1.0,1.0,1.0,1.0,1.0,1.0,1.0,1.0,1.0,1.0,1.0,1.0,3.370329532389648e-20,1.0
pmj001,1.0,1.0,1.0,0.1285357085900922,0.5244502229125483,0.9655259543848325,0.030215405077296743,0.7412637724259548,0.6409181605068974,0.0705864340236615,0.24257336999457796,0.7981951743200372,0.8585934425898185,0.13257412413526734,0.8766763903706368,0.8987973025312358,0.9345366591281451,0.6951952127760599,0.8803579050961463,0.9338103976049266,0.8585934425898185,0.9759745523835128,1.0,0.4367156433412853,0.8514914690255341,0.9159439192223913,1.0,1.0,0.7575302884638574,1.0,1.0,1.0,1.0,1.0,1.0,0.5046696711450978,0.5361562029599601,1.0,1.0,1.0,1.0,1.0,0.9459664947756146,0.9035493844825129,0.868164706189738,0.025747863802038404,1.0,0.8487969424506299,0.8350617204706079,0.9807885937808284,0.9939210803599201,0.9814286694213711,0.9529326494129963,0.9788707317991301,0.9852224714186768,0.9480704279719196,0.9933070997193171,0.9945339452584688,1.0,0.998187867052669,0.4835802452432091,0.8101711711508565,0.9412901317853924,0.6311965270333199,0.40269769945044903,0.811154912209478,0.8541688469820246,0.8487969424506299,0.8042229325379899,0.42551783666411536,0.900535045429515,1.0,0.7366810059704875,0.30408228199240744,0.6846199142825268,0.8256549794003845,0.6010315858212899,0.7580781413364298,0.8303838366447435,0.09363348046774461,0.9724000972807992,0.15247987301786328,1.0,1.0,1.0,1.0,1.0,1.0,1.0,1.0,0.08080376350033358,0.003965135170754147,5.469176379365863e-47,9.402243479444592e-05,8.237950825435246e-05,0.10882370800793226,1.0,1.0,0.020398904641993586,1.0,1.0,1.0,0.721490143954123,0.5846127735820854,0.26394900349069456,0.3988400306355012,0.8791955193189691,0.8101711711508565,1.0,1.0,0.531041971664823,0.969119191347549,0.9459664947756146,0.07398597743202626,1.0,,1.0,1.0,1.0,1.0,1.0,1.0,1.0,1.0,1.0,1.0,1.0,0.9951456973374156,1.0
psu001,1.0,1.0,1.0,1.0,1.0,1.0,1.0,1.0,1.0,1.0,1.0,1.0,1.0,1.0,1.0,1.0,1.0,1.0,1.0,1.0,1.0,1.0,1.0,1.0,1.0,1.0,1.0,1.0,1.0,1.0,1.0,1.0,1.0,1.0,1.0,1.0,1.0,1.0,1.0,1.0,1.0,1.0,1.0,1.0,1.0,1.0,1.0,1.0,1.0,1.0,1.0,1.0,1.0,1.0,1.0,1.0,1.0,1.0,1.0,1.0,1.0,1.0,1.0,1.0,1.0,1.0,1.0,1.0,1.0,1.0,1.0,1.0,1.0,1.0,1.0,1.0,1.0,1.0,1.0,1.0,1.0,1.0,1.0,1.0,1.0,1.0,1.0,1.0,1.0,1.0,1.0,1.0,1.0,1.0,1.0,1.0,1.0,1.0,1.0,1.0,1.0,1.0,1.0,1.0,1.0,1.0,1.0,1.0,1.0,1.0,1.0,1.0,1.0,1.0,1.0,1.0,,1.0,1.0,1.0,1.0,1.0,1.0,1.0,1.0,1.0,1.0,1.0,1.0
psu002,1.0,1.0,1.0,0.8825300797835082,0.6769274528651418,0.9655259543848325,0.9294228055361013,0.7412637724259548,0.6409181605068974,0.9082441306668751,0.24257336999457796,0.7981951743200372,0.8585934425898185,0.8816990258877032,0.8766763903706368,0.8987973025312358,0.9345366591281451,1.0,0.8803579050961463,0.9338103976049266,0.8585934425898185,1.0,1.0,0.7378306723938011,0.8514914690255341,0.9159439192223913,1.0,1.0,1.0,1.0,1.0,0.8966300687986353,1.0,1.0,1.0,1.0,0.5361562029599601,1.0,1.0,1.0,1.0,1.0,0.9459664947756146,0.9035493844825129,0.868164706189738,0.9330827130488345,1.0,0.8487969424506299,0.8350617204706079,0.9807885937808284,0.9939210803599201,0.9814286694213711,0.9529326494129963,0.9788707317991301,0.9852224714186768,0.9480704279719196,0.9933070997193171,0.9945339452584688,1.0,0.998187867052669,0.7070532296692318,0.8101711711508565,1.0,0.6311965270333199,0.7580781413364297,0.811154912209478,0.8541688469820246,0.8487969424506299,0.8042229325379899,0.7446731869657353,1.0,1.0,0.7366810059704875,0.8091852602976725,0.5127644975259582,0.8256549794003845,0.6098060382026412,0.7580781413364298,0.8303838366447435,0.8979996453796202,0.9724000972807992,1.0,1.0,1.0,1.0,1.0,1.0,1.0,1.0,1.0,1.0,1.0,1.0,1.0,0.973052602025189,1.0,1.0,1.0,1.0,1.0,1.0,1.0,0.721490143954123,0.6241518351298048,0.8275526874305119,0.7602767040991892,0.8791955193189691,0.8101711711508565,0.8131932685988789,1.0,0.6704328068957163,0.969119191347549,0.9459664947756146,0.9066855256592686,1.0,1.0,1.0,,1.0,1.0,1.0,1.0,1.0,1.0,1.0,1.0,1.0,0.9951456973374156,1.0
psu003,1.0,1.0,1.0,1.0,1.0,1.0,1.0,1.0,1.0,1.0,1.0,1.0,1.0,1.0,1.0,1.0,1.0,1.0,1.0,1.0,1.0,1.0,1.0,1.0,1.0,1.0,1.0,1.0,1.0,1.0,1.0,1.0,1.0,1.0,1.0,1.0,1.0,1.0,1.0,1.0,1.0,1.0,1.0,1.0,1.0,1.0,1.0,1.0,1.0,1.0,1.0,1.0,1.0,1.0,1.0,1.0,1.0,1.0,1.0,1.0,1.0,1.0,1.0,1.0,1.0,1.0,1.0,1.0,1.0,1.0,1.0,1.0,1.0,1.0,1.0,1.0,1.0,1.0,1.0,1.0,1.0,1.0,1.0,1.0,1.0,1.0,1.0,1.0,1.0,1.0,1.0,1.0,1.0,1.0,1.0,1.0,1.0,1.0,1.0,1.0,1.0,1.0,1.0,1.0,1.0,1.0,1.0,1.0,1.0,1.0,1.0,1.0,1.0,1.0,1.0,1.0,1.0,1.0,,1.0,1.0,1.0,1.0,1.0,1.0,1.0,1.0,1.0,1.0
psu004,1.0,1.0,1.0,1.0,1.0,1.0,1.0,1.0,1.0,1.0,1.0,1.0,1.0,1.0,1.0,1.0,1.0,1.0,1.0,1.0,1.0,1.0,1.0,1.0,1.0,1.0,1.0,1.0,1.0,1.0,1.0,1.0,1.0,1.0,1.0,1.0,1.0,1.0,1.0,1.0,1.0,1.0,1.0,1.0,1.0,1.0,1.0,1.0,1.0,1.0,1.0,1.0,1.0,1.0,1.0,1.0,1.0,1.0,1.0,1.0,1.0,1.0,1.0,1.0,1.0,1.0,1.0,1.0,1.0,1.0,1.0,1.0,1.0,1.0,1.0,1.0,1.0,1.0,1.0,1.0,1.0,1.0,1.0,1.0,1.0,1.0,1.0,1.0,1.0,1.0,1.0,1.0,1.0,1.0,1.0,1.0,1.0,1.0,1.0,1.0,1.0,1.0,1.0,1.0,1.0,1.0,1.0,1.0,1.0,1.0,1.0,1.0,1.0,1.0,1.0,1.0,1.0,1.0,1.0,,1.0,1.0,1.0,1.0,1.0,1.0,1.0,1.0,1.0
psu005,1.0,1.0,1.0,1.0,1.0,1.0,1.0,1.0,1.0,1.0,1.0,1.0,1.0,1.0,1.0,1.0,1.0,1.0,1.0,1.0,1.0,1.0,1.0,1.0,1.0,1.0,1.0,1.0,1.0,1.0,1.0,1.0,1.0,1.0,1.0,1.0,1.0,1.0,1.0,1.0,1.0,1.0,1.0,1.0,1.0,1.0,1.0,1.0,1.0,1.0,1.0,1.0,1.0,1.0,1.0,1.0,1.0,1.0,1.0,1.0,1.0,1.0,1.0,1.0,1.0,1.0,1.0,1.0,1.0,1.0,1.0,1.0,1.0,1.0,1.0,1.0,1.0,1.0,1.0,1.0,1.0,1.0,1.0,1.0,1.0,1.0,1.0,1.0,1.0,1.0,1.0,1.0,1.0,1.0,1.0,1.0,1.0,1.0,1.0,1.0,1.0,1.0,1.0,1.0,1.0,1.0,1.0,1.0,1.0,1.0,1.0,1.0,1.0,1.0,1.0,1.0,1.0,1.0,1.0,1.0,,1.0,1.0,1.0,1.0,1.0,1.0,1.0,1.0
psu006,1.0,1.0,1.0,1.0,1.0,1.0,1.0,1.0,1.0,1.0,1.0,1.0,1.0,1.0,1.0,1.0,1.0,1.0,1.0,1.0,1.0,1.0,1.0,1.0,1.0,1.0,1.0,1.0,1.0,1.0,1.0,1.0,1.0,1.0,1.0,1.0,1.0,1.0,1.0,1.0,1.0,1.0,1.0,1.0,1.0,1.0,1.0,1.0,1.0,1.0,1.0,1.0,1.0,1.0,1.0,1.0,1.0,1.0,1.0,1.0,1.0,1.0,1.0,1.0,1.0,1.0,1.0,1.0,1.0,1.0,1.0,1.0,1.0,1.0,1.0,1.0,1.0,1.0,1.0,1.0,1.0,1.0,1.0,1.0,1.0,1.0,1.0,1.0,1.0,1.0,1.0,1.0,1.0,1.0,1.0,1.0,1.0,1.0,1.0,1.0,1.0,1.0,1.0,1.0,1.0,1.0,1.0,1.0,1.0,1.0,1.0,1.0,1.0,1.0,1.0,1.0,1.0,1.0,1.0,1.0,1.0,,1.0,1.0,1.0,1.0,1.0,1.0,1.0
psu007,1.0,1.0,1.0,1.0,1.0,1.0,1.0,1.0,1.0,1.0,1.0,1.0,1.0,1.0,1.0,1.0,1.0,1.0,1.0,1.0,1.0,1.0,1.0,1.0,1.0,1.0,1.0,1.0,1.0,1.0,1.0,1.0,1.0,1.0,1.0,1.0,1.0,1.0,1.0,1.0,1.0,1.0,1.0,1.0,1.0,1.0,1.0,1.0,1.0,1.0,1.0,1.0,1.0,1.0,1.0,1.0,1.0,1.0,1.0,1.0,1.0,1.0,1.0,1.0,1.0,1.0,1.0,1.0,1.0,1.0,1.0,1.0,1.0,1.0,1.0,1.0,1.0,1.0,1.0,1.0,1.0,1.0,1.0,1.0,1.0,1.0,1.0,1.0,1.0,1.0,1.0,1.0,1.0,1.0,1.0,1.0,1.0,1.0,1.0,1.0,1.0,1.0,1.0,1.0,1.0,1.0,1.0,1.0,1.0,1.0,1.0,1.0,1.0,1.0,1.0,1.0,1.0,1.0,1.0,1.0,1.0,1.0,,1.0,1.0,1.0,1.0,1.0,1.0
psu008,1.0,1.0,1.0,1.0,1.0,1.0,1.0,1.0,1.0,1.0,1.0,1.0,1.0,1.0,1.0,1.0,1.0,1.0,1.0,1.0,1.0,1.0,1.0,1.0,1.0,1.0,1.0,1.0,1.0,1.0,1.0,1.0,1.0,1.0,1.0,1.0,1.0,1.0,1.0,1.0,1.0,1.0,1.0,1.0,1.0,1.0,1.0,1.0,1.0,1.0,1.0,1.0,1.0,1.0,1.0,1.0,1.0,1.0,1.0,1.0,1.0,1.0,1.0,1.0,1.0,1.0,1.0,1.0,1.0,1.0,1.0,1.0,1.0,1.0,1.0,1.0,1.0,1.0,1.0,1.0,1.0,1.0,1.0,1.0,1.0,1.0,1.0,1.0,1.0,1.0,1.0,1.0,1.0,1.0,1.0,1.0,1.0,1.0,1.0,1.0,1.0,1.0,1.0,1.0,1.0,1.0,1.0,1.0,1.0,1.0,1.0,1.0,1.0,1.0,1.0,1.0,1.0,1.0,1.0,1.0,1.0,1.0,1.0,,1.0,1.0,1.0,1.0,1.0
psu009,1.0,1.0,1.0,1.0,1.0,1.0,1.0,1.0,1.0,1.0,1.0,1.0,1.0,1.0,1.0,1.0,1.0,1.0,1.0,1.0,1.0,1.0,1.0,1.0,1.0,1.0,1.0,1.0,1.0,1.0,1.0,1.0,1.0,1.0,1.0,1.0,1.0,1.0,1.0,1.0,1.0,1.0,1.0,1.0,1.0,1.0,1.0,1.0,1.0,1.0,1.0,1.0,1.0,1.0,1.0,1.0,1.0,1.0,1.0,1.0,1.0,1.0,1.0,1.0,1.0,1.0,1.0,1.0,1.0,1.0,1.0,1.0,1.0,1.0,1.0,1.0,1.0,1.0,1.0,1.0,1.0,1.0,1.0,1.0,1.0,1.0,1.0,1.0,1.0,1.0,1.0,1.0,1.0,1.0,1.0,1.0,1.0,1.0,1.0,1.0,1.0,1.0,1.0,1.0,1.0,1.0,1.0,1.0,1.0,1.0,1.0,1.0,1.0,1.0,1.0,1.0,1.0,1.0,1.0,1.0,1.0,1.0,1.0,1.0,,1.0,1.0,1.0,1.0
psu010,1.0,1.0,1.0,1.0,1.0,1.0,1.0,1.0,1.0,1.0,1.0,1.0,1.0,1.0,1.0,1.0,1.0,1.0,1.0,1.0,1.0,1.0,1.0,1.0,1.0,1.0,1.0,1.0,1.0,1.0,1.0,1.0,1.0,1.0,1.0,1.0,1.0,1.0,1.0,1.0,1.0,1.0,1.0,1.0,1.0,1.0,1.0,1.0,1.0,1.0,1.0,1.0,1.0,1.0,1.0,1.0,1.0,1.0,1.0,1.0,1.0,1.0,1.0,1.0,1.0,1.0,1.0,1.0,1.0,1.0,1.0,1.0,1.0,1.0,1.0,1.0,1.0,1.0,1.0,1.0,1.0,1.0,1.0,1.0,1.0,1.0,1.0,1.0,1.0,1.0,1.0,1.0,1.0,1.0,1.0,1.0,1.0,1.0,1.0,1.0,1.0,1.0,1.0,1.0,1.0,1.0,1.0,1.0,1.0,1.0,1.0,1.0,1.0,1.0,1.0,1.0,1.0,1.0,1.0,1.0,1.0,1.0,1.0,1.0,1.0,,1.0,1.0,1.0
psu011,1.0,1.0,1.0,0.8825300797835082,0.6769274528651418,0.9655259543848325,0.9294228055361013,0.7412637724259548,0.5662000152716025,0.9082441306668751,0.8369187692070906,0.7981951743200372,0.19112241764543067,0.8816990258877032,0.8766763903706368,0.8987973025312358,0.02365213965225807,1.0,0.8803579050961463,0.9338103976049266,0.8585934425898185,1.0,1.0,0.4367156433412853,0.20395561571135534,0.9159439192223913,1.0,1.0,0.7575302884638574,1.0,1.0,1.0,1.0,1.0,1.0,1.0,1.0,1.0,1.0,1.0,1.0,1.0,0.9459664947756146,0.9035493844825129,0.868164706189738,0.9330827130488345,0.8572797963762016,0.8487969424506299,0.8350617204706079,0.9807885937808284,0.9939210803599201,0.9814286694213711,0.9529326494129963,0.9788707317991301,0.9852224714186768,0.9480704279719196,0.9933070997193171,0.9945339452584688,1.0,0.998187867052669,0.7070532296692318,0.8101711711508565,0.9412901317853924,0.5770051066867111,0.40269769945044903,0.2998964315671758,0.8541688469820246,0.8487969424506299,0.8042229325379899,0.42551783666411536,1.0,1.0,0.4367156433412853,0.30408228199240744,0.6846199142825268,0.8256549794003845,0.6010315858212899,0.4007707841248766,0.2554135854999899,0.09363348046774461,0.00010371848494758538,1.0,1.0,1.0,1.0,1.0,1.0,1.0,1.0,1.0,1.0,1.0,1.0,1.0,0.973052602025189,1.0,1.0,1.0,1.0,1.0,1.0,1.0,0.4622863908153173,0.5846127735820854,0.26394900349069456,0.7602767040991892,0.8791955193189691,0.30199064682960564,1.0,1.0,0.6704328068957163,0.969119191347549,0.9459664947756146,0.9066855256592686,1.0,1.0,1.0,1.0,1.0,1.0,1.0,1.0,1.0,1.0,1.0,1.0,,0.9951456973374156,1.0
pni001,0.5001458955121583,0.5156889303539464,0.4669072139917545,0.7502968892133364,0.9977025117818447,0.9997319057311972,0.6114742529085757,0.4404916153676891,0.9134173071446348,0.1336218566444373,0.21766697355188303,0.7490436549628946,0.13631280076274935,0.8781982360606388,0.37585661275819165,0.6357817181558967,0.0013817270371840951,0.3960560928296576,0.9895710008119541,0.5723562461049356,0.5522462426722773,0.3437621311416858,0.09979653215644385,0.970545632562973,0.9317598381504519,0.9837681149636867,0.29958596081086314,0.8096468510412319,0.6807987114603054,0.5953895075566147,0.45543857054234393,0.5097052558673429,0.02465366889742982,0.08577902452059062,0.2686679191897258,0.196853304091233,0.2318729740666237,0.28025467545361765,0.0029119456575511012,0.6187595557915634,0.8294258855806944,0.21371130401193672,0.9672275087036815,0.808492839097795,0.44339980068609064,0.5807086035659128,0.8973516475915274,0.5867946193395828,0.030032855572156972,0.5511489479678764,0.008225210223978392,0.013917120991018215,0.06063459500484455,5.245415428261249e-05,0.0003116077310109478,0.003940865775638171,0.01604151563198016,0.9990505895740402,0.9951456973374156,1.9129417438722436e-58,0.7811994064072237,0.9774668351415277,0.058603043799362604,0.25693984709446016,0.797590808531863,0.9261252994957767,0.9175001302473889,0.9153190788097458,0.3800004221422339,0.9633686999174695,0.1443601283393146,0.08398697586938308,0.44399063021927454,0.30646254532889244,0.7788167699562697,0.1424392741480781,0.9498708588116107,0.33126473341292717,0.9519950446205492,0.8277898331087544,0.04261075811619897,0.014376798393867879,6.998247887220308e-07,0.0004504874491625496,7.656421192084277e-91,0.9951456973374156,1.0,1.0,3.751403423617025e-15,1.2772654998949832e-30,0.02854334982003589,0.11128554711260914,0.9951456973374156,0.9378290336855181,0.7706787397278442,0.004264904027722603,0.8461814674733131,0.0014029379923399478,0.8417277867327533,0.9758480032273199,0.9951456973374156,1.9911874153936782e-10,0.527181488837688,0.5599133734952885,0.9285407907515745,0.44852919749824494,0.024601423726919997,0.9774668351415277,0.7983032631577509,0.7780406600405124,0.9980601321071593,0.9728993763912954,0.9694244878299194,0.018968165207106945,3.370329532389648e-20,0.9951456973374156,1.0,0.9951456973374156,1.0,1.0,1.0,1.0,1.0,1.0,1.0,1.0,0.9951456973374156,,0.8506474765167418
pni002,1.0,0.7868563317151098,0.46156012535239754,0.7909681237807611,3.2497412138145347e-06,0.7353364987922144,0.0026075664723176277,0.00206499641993734,0.002727765405417214,0.001984909976636081,0.7827415297958161,0.30643228993838834,0.5395080979308777,0.7931942611427268,0.1480494868618759,0.7367766168839183,0.597997006857505,0.7964726618454221,0.9226562686412293,0.7891070295060972,0.9629273843043661,0.07023939295543948,0.22496908243300448,3.704147794896456e-06,0.024180851716454673,0.0030061662431749773,0.6236880401413645,0.35178419853528253,0.11154109880817843,0.5421595034294204,0.9581651133404292,0.09731067653526518,0.6954590964932384,0.6492388190930817,1.0,0.8705443108900706,0.4171648927935071,0.4577134551636899,0.5723935839501129,0.9504557570503337,1.0,0.24220745269313798,0.0025755144037081148,2.5457969069353703e-06,3.5100642110795592e-06,3.4320572923745366e-06,0.11265401930704602,1.3674383330184957e-06,1.9150146380775694e-06,3.70363520445967e-06,3.141469051289205e-06,0.8831597441720543,3.3822902299335496e-06,1.951676809748721e-06,3.684351478507227e-06,3.0284312151191605e-06,3.081490604695753e-06,3.202464716010057e-06,0.016403188418377908,3.590625665709612e-06,3.3050099178620716e-06,2.8536923389651977e-06,0.015817952591612908,0.0009944716011380148,6.39811539512133e-07,2.8208462113301097e-06,0.001678945060986251,3.1543066747204166e-06,3.6886690697366365e-06,1.5595005425066527e-06,1.0,1.0,1.307403422342395e-11,2.012027150708534e-06,2.073045918796463e-05,0.003075036624253368,2.572710258166427e-06,0.00024032010677470017,1.3485666346007491e-11,0.003016185316982014,3.5419729966111296e-06,0.8071000228896696,1.0,1.0,1.0,0.016403188418377908,1.0,1.0,1.0,1.0,1.0,0.6716763631291467,1.0,0.9993025488164369,0.0014745654455104332,0.5282490060611376,0.03958714773814905,0.6540769835183018,0.04617762706840874,1.0,1.0,1.0,1.9347039752759722e-08,0.00012758683418306763,3.0847924026158305e-06,2.758751002548161e-06,4.192420864303946e-08,1.1703132979787535e-06,0.0006736067631856826,0.544720059479918,0.00281267038529582,1.4281085489007255e-06,3.726154969757169e-06,0.0027844875769454983,1.0,1.0,1.0,1.0,1.0,1.0,1.0,1.0,1.0,1.0,1.0,1.0,1.0,0.8506474765167418,
